0	73988
10002	6693
10005	42243
10008	97536
10011	275
10014	28324
10017	490
10020	4144
10023	49
10026	4052
10029	8134
10032	28640
10035	16312
10041	6429
10047	24263
1005	19638
10050	14922
10053	10954
10056	1796
10062	68923
10071	25383
10089	3687
10095	535
10098	323
10107	53626
1011	104
10110	15228
10116	8873
10122	12647
10125	129770
10128	37149
10134	39194
10137	4179
1014	40560
10143	28593
10146	9234
10149	6604
10152	71868
10158	8049
10161	1531
10164	961
1017	243
10173	5314
10176	6362
10179	2739
10182	155
10185	6805
10188	122516
10191	15309
10194	85024
102	9581
1020	21742
10200	23857
10206	567
10209	18922
10215	14322
10218	3375
1023	9290
10233	1619
10236	34469
10239	2778
10242	2459
10245	12077
10248	17657
10257	2142
1026	18668
10260	1137
10269	23221
10272	958
10275	15659
10278	1253
10287	10557
10290	64303
10293	5705
10296	1659
10305	36091
10308	65252
10311	14139
10314	19119
1032	8249
10320	643
10323	371
10332	47409
10335	1829
10338	2155
10341	88
10344	11652
10350	57606
10356	20498
10359	9490
10362	15323
10365	5859
10368	618
10371	8653
10374	7704
10377	4358
1038	35005
10380	11480
10392	201
10398	29769
10401	15442
10404	12469
10407	31155
1041	2257
10410	10867
10419	2390
10425	759
10428	67567
10434	29525
1044	5007
10440	22792
10443	11762
10449	26833
10452	29274
10455	1302
10458	1163
10464	3798
1047	54059
10470	31306
10473	89527
10479	1248
10482	682
10485	509
10488	2063
10491	87588
10494	3851
105	57434
1050	25501
10503	20295
10509	12847
10512	9814
10515	5468
10518	630
10527	25825
1053	4903
10530	2410
10539	16772
10545	5327
10551	32
1056	25596
10560	49
10563	11613
10566	7549
10572	768
10578	70
10581	18756
10584	14976
10587	15074
1059	11775
10590	20925
10596	544
10599	4377
10602	20102
10611	31945
10617	6854
1062	8559
10623	29605
10629	305
10635	11912
10638	2078
10647	1077
1065	15641
10650	11395
10662	11846
10671	2829
10674	34682
1068	7931
10680	15987
10683	8670
10692	1152
10695	39434
10698	16153
1071	49
10719	13783
10722	283
10725	5048
10728	10924
10731	197
10737	227
1074	10624
10743	46493
10746	17986
10749	10612
10752	515
10758	1039
10761	9069
10764	8279
1077	43480
10770	31433
10773	360
10779	8190
10782	38
10788	57
10794	549
108	5906
1080	685
10800	16681
10803	5628
10806	1052
10809	54785
10815	15564
10818	15281
10821	2662
10824	4447
1083	4702
10830	20865
10833	20404
10836	1435
10839	1038
10842	24036
10845	44801
10848	21498
10854	1399
10857	563
10860	25834
10863	179
10866	1948
10869	7267
10872	195
10878	33
10881	12974
10887	10878
10893	78430
10896	459
10902	14276
10905	380
10911	354
10917	244
10923	372
10926	98995
10935	20522
10938	1769
10941	3365
10947	28011
1095	8809
10950	2206
10959	283
10962	81
10965	48328
10971	20398
10977	687
1098	1780
10980	1513
10983	125
10986	7758
10989	25396
10992	38221
10995	9446
10998	626
11010	997
11013	11210
11016	20061
11028	47402
11031	27282
11034	2946
11037	2105
1104	2130
11040	1367
11058	973
11064	9655
11067	9508
1107	4475
11070	11121
11073	725
11076	182
11079	12033
11082	61
11085	85
11088	1638
11091	152
11094	11861
111	50651
1110	3264
11100	16235
11106	2076
11109	14831
11112	18709
11118	438
11121	1717
11124	190
1113	156
11139	36
11142	30022
11148	27
11151	22118
11154	37045
11166	45877
11169	430
11172	29994
11175	28860
11178	15786
11181	1338
11184	1577
11187	3380
1119	2447
11190	7610
11196	23873
11199	19821
11202	9898
11205	73495
11211	42881
11214	3615
11217	9716
1122	37095
11220	1196
11241	31133
11244	29524
1125	3503
11250	13183
11253	123
11259	345
11262	4323
11265	12956
11268	82572
11271	428
11274	1892
11277	4641
1128	236
11289	8009
11298	19772
11301	21457
11304	489
11310	18770
11313	4790
11316	43847
11322	58109
11328	3225
11331	6778
11334	72611
11337	1179
1134	15648
11343	12100
11346	57
11352	12612
11355	481
11358	12733
11364	4063
11367	103
11370	29467
11379	46
11382	3262
11391	984
11394	9597
11397	397
114	34137
1140	5492
11403	1863
11412	52366
11415	31498
11427	33042
1143	23134
11430	20483
11433	25154
11436	1222
11439	15858
11445	351
11448	11197
11451	107
11454	47449
11457	404
1146	12546
11463	21686
11466	32156
11472	643
11475	23
11478	676
11481	5371
11484	22529
11487	8958
1149	26703
11490	11843
11493	1467
11499	9186
11502	92
11505	25563
11508	27041
11511	3187
11514	24584
1152	9123
11523	39556
11526	46495
11529	835
11532	475
11535	27301
11538	32
11541	32454
11544	172
11547	5384
1155	2026
11550	18666
11553	52360
11556	1468
11559	13384
11562	202
11565	13455
11568	778
11571	10022
11574	10993
1158	217
11586	1090
11592	29996
11595	35361
11598	23207
11607	39399
1161	33958
11610	130
11616	28748
11619	722
11634	7969
11637	2226
1164	158
11640	399
11643	2272
11649	260
11652	33913
11658	4798
11661	372
11664	11878
11667	27769
1167	1910
11673	23152
11676	35004
11682	16033
11685	84
11688	58
11694	18023
11697	67
117	1978
1170	662
11700	34520
11706	6083
11709	38760
11712	6115
11715	16472
11718	12125
11721	18731
11724	37645
11727	9700
1173	13305
11730	46765
11736	270
11739	2999
11742	2763
11745	63915
11748	13955
11751	78005
11754	12847
11757	62662
11760	10742
11763	11115
11766	2136
11772	45059
11778	6456
11784	47289
11787	350
1179	95260
11790	3392
11793	4175
11796	4699
11799	33892
11811	372
11814	162
1182	633
11823	92
11829	5239
11838	58
11841	3598
1185	30871
11850	98
11859	2207
11862	236
11865	15273
11868	5774
11871	47226
11874	1752
11877	7433
1188	14774
11886	25885
11892	126
11898	44267
11901	13799
11904	6262
11907	12423
1191	57587
11916	19242
11922	146
11925	4562
11931	395
11937	11
1194	5030
11940	800
11946	271
11949	510
11952	8317
11958	9802
11964	276
11967	550
1197	30634
11970	23161
11973	14
11976	14343
11979	308
11985	79042
11988	230
11991	6815
11994	376
120	3483
1200	34438
12000	77
12003	1779
12006	8154
12012	28106
12015	57973
12018	18289
12021	24188
12024	21149
1203	810
12033	7151
12039	1326
12045	553
12051	75315
12054	11718
12057	987
1206	56788
12060	10939
12066	701
12069	5427
12072	7406
12078	12143
12087	1072
1209	12011
12093	7392
12105	18178
12108	101
12114	488
12117	31231
12120	1994
12123	944
12126	19073
12129	47791
12132	19001
12141	54477
12144	4398
12147	6042
1215	69794
12150	6504
12153	41310
12159	18329
12168	32936
12174	23179
12177	1950
1218	21085
12183	56
12189	2091
12192	4232
12195	7009
12198	29004
12207	12499
1221	21738
12210	9104
12216	5298
12219	4251
12222	47976
12231	1090
12234	25973
12237	9275
1224	85
12240	7781
12249	27205
12252	156
12255	10713
12258	47662
12261	5818
12267	37144
12270	840
12273	22104
12276	3739
12282	197
12285	26408
12288	30032
12291	2500
12294	21631
12297	101
123	38596
1230	154
12303	34037
12309	2231
12312	13968
12315	5916
12318	11150
12321	17364
12327	471
1233	42083
12330	284
12336	66323
12339	3918
12345	17430
12348	1046
12351	9505
12354	22924
12357	12322
12366	9958
12378	322
12381	15625
12384	8551
1239	7093
12390	2945
12393	5507
12399	3979
12402	23988
12405	25412
12408	24500
12414	66
12417	27241
12426	42103
12432	3796
12435	16812
12438	1826
12447	23850
1245	111
12450	137
12456	1651
12462	1612
12468	31
12471	11246
12477	24173
1248	41542
12480	817
12492	119310
12495	304
12498	18824
12501	53678
12507	7413
1251	8606
12510	1184
12513	9206
12516	16381
12519	144
12522	18161
12525	26
12528	40909
12531	85
12534	37133
1254	70
12540	37077
12549	15474
12552	6349
12567	13390
12570	16592
12573	20824
12576	45399
12579	26062
12594	25301
12597	16394
1260	74
12600	19235
12603	532
12606	42697
12612	4672
12621	1297
12624	487
12627	15268
1263	11139
12630	5725
12642	2719
12645	45
12648	1307
12651	9433
12654	8820
12657	128
1266	16996
12669	16513
12675	54987
12681	903
12687	3896
1269	9323
12690	2035
12693	1055
12696	30638
12699	5154
12702	403
12705	3904
12711	894
12714	37754
1272	205
12720	22202
12723	22881
12726	9829
12732	4070
12738	221
12741	15234
12747	35712
12750	2770
12756	36775
12759	4245
12762	456
12765	4432
12768	17360
12774	16932
12777	585
1278	447
12780	45683
12783	5510
12786	45412
12789	16101
12795	9549
12804	3743
12813	45086
12819	13715
12825	1012
12828	73454
12834	145
12837	9320
12843	317
12846	5921
12849	46
12855	50
12858	3160
12861	38
12864	6453
1287	6930
12870	35441
12891	11513
12894	30217
12897	1615
129	22154
1290	553
12900	26110
12906	23380
12912	56355
12918	3021
12921	33294
12924	46649
12927	79260
12930	17257
12933	39167
12936	36310
12939	41039
12942	21
12945	134
12954	1308
12957	366
1296	9349
12963	46965
12966	2058
12972	5301
12975	442
12981	100
12984	60585
12987	48784
1299	40096
12996	101
12999	3262
13002	7278
13005	7782
13008	15060
13011	551
13014	23128
1302	43953
13023	11100
13035	7849
13038	39464
13044	920
13047	21038
1305	7211
13050	29976
13053	335
13056	45475
13059	293
13062	24705
13071	2206
13074	3694
13080	41494
13086	16313
13089	16067
13095	12860
13101	9218
13104	54
13107	16794
1311	2323
13110	134
13116	64644
13122	22
13125	76
13128	20183
13134	63
13149	16773
13158	23420
13164	2617
1317	21173
13173	17521
13182	18724
13185	438
13188	460
13191	73514
13194	3112
13197	18770
132	46040
1320	8374
13200	1199
13206	15656
13212	19137
13215	24477
13218	3114
13224	21134
13227	3312
1323	32706
13233	49101
13236	14928
13242	10178
13248	344
13251	80
13254	22987
13257	4223
1326	45492
13260	1569
13266	29098
13275	4096
13278	6466
13281	2750
13284	1000
1329	658
13296	710
13299	7719
13302	15002
13308	13643
13311	30582
13317	5560
1332	9262
13323	51169
13329	32984
13335	150
13344	17628
13350	26442
13353	177
13356	47489
13359	6398
13362	1177
13368	2505
13374	1574
1338	37212
13383	274
13389	19145
13392	6862
13401	24544
13407	207
13416	7909
13419	922
13422	64
13431	45154
13434	5703
1344	21025
13440	69698
13446	12322
13449	4832
13452	18682
13458	243
13461	18535
13473	16857
13485	545
13491	11207
13494	24945
135	3887
1350	8517
13506	10867
13512	75805
13515	2052
13524	37022
13536	444
13542	30102
13545	8012
13548	15146
13551	4296
13557	23106
1356	75
13560	19305
13563	49219
13566	17355
13575	10989
13581	548
13584	8113
13587	3156
13590	40124
13593	5623
13596	959
13602	1649
13611	20339
13614	12305
1362	209
13620	58
13623	40974
13629	21869
13635	4550
13638	35975
13644	3708
13653	67763
13662	73
13674	14555
13680	720
13686	20748
13692	19740
13695	108
13701	337
13704	58
1371	24856
13710	84
13719	45667
13725	234
13731	38430
13734	1339
13737	61
1374	20645
13746	9438
13749	517
13752	1988
13755	34759
13761	211
13767	79
1377	16398
13773	39630
13776	33228
13782	17423
13785	21278
13791	149
13797	133
138	603
1380	37495
13800	4530
13806	83004
13809	7050
13812	19715
13818	5932
13821	25646
13827	565
1383	214
13830	375
13839	28481
13842	310
13848	5340
13851	27542
13860	15509
13866	186
13869	21923
13872	11692
13884	1539
13887	5846
1389	8641
13890	114
13893	15337
13896	4117
13899	15292
13902	40
13908	36643
13914	40
13917	23878
1392	2939
13920	62377
13926	11667
13929	25577
13932	25726
13935	44207
13941	11641
13944	270
13947	19879
1395	1876
13950	369
13956	8530
13959	16822
13965	639
13968	14209
13971	44
1398	6725
13986	29140
13989	17312
13995	8417
14001	13057
14004	44584
14010	9506
14016	393
14019	23019
14022	22256
14028	1257
14037	6232
1404	55166
14046	195
14052	26
14055	22982
14061	14308
14064	147
14067	4836
14070	2665
14073	30426
14076	10812
14088	7110
14091	10304
14094	43214
14097	45
141	84294
1410	7701
14103	12649
14106	15379
14109	79
14115	20771
14118	46837
14121	2371
14127	10930
1413	17982
14130	1643
14133	23724
14139	29
14145	2641
14148	6057
14151	1802
14157	24219
1416	31772
14160	14020
14163	2300
14166	4048
14172	459
14181	12940
14184	44
14187	50687
1419	5767
14190	418
14193	29423
14196	66267
14208	5610
14214	1778
14217	963
14220	13715
14223	3724
14226	9532
14235	20556
14238	67
14241	976
14244	2299
14250	24
14262	6621
14271	394
14274	629
14277	9349
1428	180
14283	20514
14286	17234
14292	33970
14295	180
14298	68694
14301	4899
14307	338
1431	57
14310	6600
14316	19142
14319	402
14322	7483
14328	342
14331	38137
14334	18438
14337	295
1434	31296
14343	33728
14352	1339
14355	19670
14358	4496
14364	10821
1437	192896
14379	34
14385	23452
14388	1150
14394	16076
1440	55433
14400	34705
14403	39
14406	1064
14412	101
14421	29883
14424	1508
14427	26188
14433	98974
14448	25692
14454	20868
14457	230
14463	7434
14466	634
14469	6942
14472	8763
14475	35388
14484	60273
1449	589
14496	65799
14499	21629
14505	16630
14508	131
14517	9607
14520	55269
14523	3798
14547	1897
1455	75744
14550	115
14556	34019
14559	56
14562	23044
14568	4999
14571	4439
14574	38606
14577	13400
14580	2313
14583	24667
14589	8328
14595	2226
14601	6276
14607	12623
1461	66946
14610	61
14613	12572
14619	63692
14622	12232
14625	1018
14631	19978
14634	970
14637	74500
14643	591
14652	225
14655	50
14661	209
14664	50
14667	186
1467	11242
14670	140
14673	12573
14679	10297
14682	3296
14685	22664
14688	4225
14691	18463
14697	5446
1470	3428
14700	17444
14709	4898
14712	7717
14727	5326
1473	7227
14730	108
14733	111
14736	4502
14739	5461
14742	15612
14745	416
14751	26400
14757	34193
1476	42300
14763	4634
14766	11956
14769	18041
14772	11555
14775	8540
14778	14697
14781	66077
14784	394
14787	403
1479	17823
14790	13393
14793	53013
14799	46
14802	4582
14805	455
14808	1299
14814	15488
14817	2620
1482	11585
14820	70
14826	25685
14829	33245
14835	561
14838	11470
14841	4931
1485	304
14853	371
14856	2606
14862	19382
14868	1333
14871	18183
14874	5352
1488	25477
14880	5697
14883	86
14895	10482
14898	76
14901	15910
14907	3777
1491	28997
14910	9005
14913	15612
14916	4593
14922	4929
14925	46007
14934	5011
1494	34
14943	13896
14946	2276
14949	74
14955	25
14961	12025
14964	14507
14967	36
1497	8129
14970	56649
14976	85
14979	8597
14982	1638
14985	243
14988	280
14994	14556
14997	14441
15	6717
150	16195
1500	9698
15003	492
15006	113016
15009	47725
15012	274
15021	28331
15027	53435
1503	6674
15042	2581
15045	1619
15048	21306
15051	6106
15054	6507
15057	16091
1506	56839
15060	25250
15063	22723
15066	97
15069	6202
15072	19015
15075	1864
15078	23410
15084	9958
1509	108
15090	33268
15096	63764
15099	2230
15102	11551
15105	181
15108	4765
15111	8317
15114	3920
15117	289
1512	497
15120	36432
15123	52689
15126	4034
15129	32
15132	25259
15141	28219
15144	12749
15147	74849
15150	145
15156	9281
15159	641
15162	29600
15165	8771
15168	3693
15171	16738
15177	4601
1518	10895
15180	17571
15189	36829
15192	28524
15195	214
15198	436
15210	178
15216	77
15222	33279
15228	157
15231	1726
15234	18570
1524	29083
15240	35371
15243	4390
15249	3566
15258	7820
15264	21810
15267	6364
15270	49328
15273	58523
15276	12266
15282	9879
15288	182
15291	550
15294	4302
15297	1667
153	236
1530	61599
15300	23052
15303	31019
15306	13149
15309	836
15312	64639
15315	7613
15321	2019
15330	91
15339	622
15342	48
15345	11982
15348	4993
15354	44883
1536	91
15360	8128
15363	49469
15375	11753
15378	34445
15381	50
15384	721
15387	4147
1539	22947
15393	80
15405	24851
15408	5848
15414	925
1542	63150
15420	105
15423	11876
15429	73
15432	4073
15438	10601
15444	12044
15447	78
15453	397
15459	20216
15465	1566
15468	942
15471	22009
15474	5078
15486	412
15495	680
15498	7503
1551	23492
15510	2024
15513	69
15519	628
15525	19792
15528	247
15534	25649
1554	390
15540	86
15546	190
15549	21744
15558	12976
15561	1071
15567	7653
1557	103
15570	2425
15573	34
15582	28266
15585	50304
15591	8297
15597	5609
1560	15735
15600	7347
15603	29319
15606	10053
15612	159
15618	2068
15627	7053
15630	9977
15633	290
15636	10486
15639	36057
15648	24928
15654	5524
1566	85891
15660	32990
15666	65597
15669	54
15672	23364
15675	20
15681	48
15693	9824
15696	292
15699	3073
15714	11787
1572	1469
15720	521
15729	5136
15735	321
15741	155
15744	14034
15747	1218
1575	34695
15756	892
15759	68
15762	17425
15765	1800
15768	161
15774	23000
15777	157554
1578	11927
15780	119
15786	17670
15789	5746
15792	24731
15798	22884
15801	267
15807	23989
1581	25865
15810	73410
15813	125
15816	54159
15819	54422
15822	66892
15828	4764
15837	2474
15843	4302
15846	3937
15849	626
15855	10560
15858	6270
15861	35430
15864	21371
15867	5349
1587	9792
15870	2717
15876	10109
15885	4283
15888	25402
15897	570
159	3445
1590	547
15903	13850
15906	3800
15909	27398
15921	45970
15924	185
15927	1790
15930	6023
15936	22825
15942	772
15945	25082
15948	540
15951	19194
1596	38
15963	3392
15966	22206
15969	37079
15972	11710
15975	864
15981	1054
1599	19
16002	52860
16005	5749
16014	3389
16017	18698
1602	51269
16020	11947
16029	35800
16035	456
16038	14355
16041	1468
16044	7241
16047	4010
16053	19342
16056	2415
16062	24573
16065	1526
16068	36982
16071	576
16080	20131
16086	15174
16089	4065
16092	71
16098	3050
16101	41
16107	102
1611	3030
16110	1358
16113	10335
16116	35171
16119	8225
16134	25
16137	66220
1614	49563
16140	7873
16143	6207
16146	7628
16149	7316
16152	54954
16155	1833
16158	208
16161	31343
16164	2211
16167	13002
1617	167
16176	4275
16179	16938
16182	12353
16185	45161
16188	44265
16191	29
16194	23528
16197	7888
162	5544
1620	22712
16200	894
16203	355
16206	21374
16215	11557
16218	9116
16221	24406
16224	20476
16227	10136
16230	15153
16236	932
16242	98
16248	7662
16251	8970
16254	19607
1626	563
16260	7593
16263	671
16266	23900
16269	180
16272	2161
16275	191
16278	35876
16281	60
16284	45683
16287	201
1629	3492
16296	2503
16305	2286
16311	4094
16314	23165
16317	10360
1632	83
16323	60065
16326	29969
16332	3169
16335	5298
16338	8557
16344	15606
1635	14706
16350	7496
16353	15900
16359	164
16362	303
16365	17453
16368	20566
16371	31564
16374	1606
16377	2252
1638	93
16386	18146
16398	37625
16401	10277
16404	13016
16407	22725
16410	40845
16413	8027
16422	1209
16428	7643
16434	807
16437	7844
1644	31495
16440	45960
16443	31286
16449	6620
16455	6056
16458	152
16461	1841
16464	156
16467	25229
1647	67
16470	388
16476	34326
16479	6231
16482	2862
16485	579
16488	34011
16491	568
16494	1471
165	458
1650	52977
16500	33828
16518	164
16521	12446
16524	44454
16527	33681
1653	8234
16530	524
16533	1059
16545	23557
16548	6223
1656	161
16563	6510
16569	38
16575	1427
16578	53
16584	354
16587	1130
1659	47977
16590	18456
16593	31
16602	186
16611	1313
16614	4512
1662	8913
16620	38460
16623	17315
16635	107
16638	23360
16644	441
16647	969
1665	11492
16653	16218
16659	69
16662	383
16665	974
16668	13959
16677	61
1668	44019
16692	27431
16701	16666
16704	24394
16713	62
16719	1584
16725	160
16728	2499
16731	17222
16734	14573
16740	251
16743	15792
16746	9117
16758	18548
16764	23463
16767	322
1677	65336
16770	2360
16776	49101
16779	21346
16782	807
16797	23046
168	21707
16800	2959
16803	332
16806	12481
16821	30814
16824	17359
16830	4586
16833	18960
16839	602
16842	6362
16845	7525
16848	1369
16851	26913
16854	21521
1686	2306
16869	98
16872	4403
16875	12077
16881	509
16884	8970
16887	18800
1689	3695
16893	7595
16899	56
16902	139
16905	48307
16908	2951
16914	485
16917	15709
1692	89500
16920	19728
16929	31
16932	130
16935	77315
16938	1054
16947	9420
16950	13676
16953	92
16956	6251
16965	11295
16983	26887
16986	5092
16992	63
16998	308
17001	1903
17007	43579
1701	49495
17010	19367
17013	37
17016	16944
17019	9712
17028	2044
17034	103
17037	3485
1704	60
17040	4942
17043	22671
17046	12138
17049	26792
17058	1105
17061	134
17064	64648
17067	32969
1707	7158
17073	38734
17079	16224
17085	26714
17088	1890
17097	20291
1710	2756
17103	46
17115	55491
17118	10251
17121	2137
17124	4010
17127	46798
17130	5798
17136	628
17139	40602
17142	2955
17145	21325
17154	91
17157	20179
1716	3973
17160	15057
17163	10049
17166	17496
17169	473
17172	519
17175	6935
17178	17436
17184	28749
17187	17507
1719	15997
17199	689
17208	1420
17211	24326
17214	50164
17217	2226
1722	36031
17220	15489
17223	43788
17229	4559
17235	535
17241	2456
17244	5565
1725	73998
17253	1147
17265	1238
17277	58326
1728	49160
17280	21908
17283	1922
17286	22597
17289	879
17292	1009
17301	3887
17304	19742
1731	21439
17313	53271
17316	19015
17319	12936
17325	12990
17328	1546
17337	36896
1734	15
17340	1082
17358	56216
17367	8695
17370	10506
17373	42119
17382	12013
17385	104085
17394	9943
17397	51065
174	16326
17403	8642
17409	20239
17415	83156
17418	37523
17421	18093
17424	1054
17427	1760
1743	49382
17433	137
17436	197
17439	885
17445	74246
17448	5349
17454	7738
17457	4373
17463	7356
17478	10727
17481	63
17487	9795
1749	7297
17490	26111
17496	244
17499	13476
17502	1336
17517	1735
1752	389
17529	17298
17532	40481
17538	83
17544	24395
17547	6334
17550	10800
17553	1341
17556	5718
17562	3618
17565	8395
17568	847
17574	4738
17577	4828
17583	90
17586	5345
17589	4614
17598	2836
17604	65376
17607	10020
1761	70
17610	545
17613	120
17616	32
17619	24130
17628	40437
17631	95111
17634	195
1764	28
17640	162
17643	71
17652	51405
17655	23938
17661	336
17664	19948
17667	47591
17673	44820
17679	34281
17688	337
17691	466
17694	32479
177	31168
1770	206
17700	6306
17703	8780
17709	118
17712	2868
17721	44361
1773	72269
17730	27504
17736	40
17742	516
17751	19835
17754	95
17757	18086
17760	2717
17766	19437
17769	15458
17772	2472
17775	11988
17778	7077
17781	6106
17784	35458
17787	48
1779	234
17790	1895
17796	380
17799	32723
17805	10844
17808	194
17817	450
1782	19527
17820	15185
17823	8712
17826	5433
17835	7303
17838	338
17844	11195
17847	4012
1785	23426
17853	13192
17856	142
17859	5667
17871	346
17874	9648
17877	6467
17886	4012
17892	18
17895	80
17898	435
1791	2553
17913	19315
17916	5036
17922	10770
17925	12455
17934	2293
17937	42914
1794	139
17946	39145
17949	7650
17961	18041
17964	10163
17967	32
1797	25557
17973	6100
17976	1057
17988	51028
17994	18695
17997	13510
18	2874
1800	108
18000	42
18009	74
18012	10492
18015	362
18018	29669
18024	6784
18027	18824
18030	7585
18036	11691
18039	9351
18045	1956
1806	2448
18060	286
18063	53
18069	24537
18072	14846
18075	24250
18078	7637
18084	2808
18087	23806
1809	44499
18096	7547
18099	4436
18108	3373
18114	14934
1812	12214
18120	16553
18123	88
18126	12967
18132	38854
18135	3172
18138	145327
18144	145
18147	1731
1815	1698
18150	62
18153	3601
18162	15903
18168	10381
18171	5502
18174	38130
18177	5848
1818	16240
18183	396
18186	46672
18189	50391
18195	12048
18198	28011
18201	19911
18204	9728
18207	30344
1821	931
18210	18700
18219	10454
18225	27979
18231	68818
18240	47867
18243	5062
18246	414
18249	35106
18255	16171
18258	73210
18261	89
18264	10901
1827	20
18270	19948
18276	2937
18279	5043
18282	60512
18288	11443
18294	15856
18297	7970
183	24266
18300	156
18318	16135
18321	11829
18324	1733
18327	9702
1833	117893
18330	5054
18339	8526
18342	24606
18345	12025
18348	29323
18354	6529
18357	15029
1836	175
18360	41
18363	306
18366	15702
18372	6907
18378	119
18384	312
18387	7747
1839	72232
18393	528
18396	4428
18399	25692
18405	49989
18408	8165
18414	466
18417	83
1842	16093
18420	7446
18438	28872
18444	20167
18462	26913
18465	1983
18468	21858
18471	23822
18474	18332
1848	2048
18480	13324
18483	5755
18486	13091
18489	10712
18492	19451
18495	23941
18498	1231
18507	8955
1851	11898
18510	27932
18519	8026
18522	137
18528	1337
18531	361
18534	1105
18537	13481
18540	273
18543	36772
18546	6303
18552	24744
18558	596
18564	21160
18567	38748
18576	171
18582	209
18585	1354
18588	84
18594	44059
18597	676
186	23580
1860	13579
18600	1349
18603	4141
18609	264
18612	277
18624	18279
18627	35564
1863	11236
18630	19105
18639	31807
18642	7996
18645	50
18648	32750
18657	373
18663	695
18669	6316
18672	559
18675	492
18678	15090
18681	4501
18684	617
1869	19308
18699	382
18702	12121
18708	181
18726	56258
18729	10558
18741	4049
1875	12528
18750	3772
18753	79
18759	26382
18762	29625
18765	779
18768	15716
18771	40458
18774	195
1878	7674
18780	1191
18783	44949
18786	2626
18792	48044
18801	3940
1881	31280
18810	8482
18819	8904
18825	171
18828	6749
18831	32723
18834	2743
18837	6265
1884	15467
18840	15137
18846	15929
18849	10811
18852	446
18855	12443
18864	82
1887	71956
18873	5673
18876	25582
18879	2092
18885	2222
18888	1382
18894	1002
18897	12515
189	42
1890	3180
18903	5384
18912	50360
18921	240
18924	16637
18927	30152
18939	7886
18945	8245
18948	623
18951	30283
18954	710
18957	23577
1896	9665
18960	10259
18963	96
18966	12187
18975	202
18978	5297
18984	13270
18987	108
1899	5648
18990	17979
18993	2278
18996	52273
18999	3433
19002	7442
19005	1566
19008	17439
19014	106
1902	4332
19026	4769
19035	2647
19038	17201
19041	14144
19044	7188
19047	18555
1905	142529
19053	3922
19059	3344
19062	16151
19065	33650
19068	6445
19071	41452
19074	7449
19077	34428
1908	37247
19080	2423
19083	23375
19086	1171
19092	14682
19104	261
19107	32537
19110	94
19113	363
19125	10881
19128	62
19134	1335
19137	13602
1914	87667
19149	22627
19155	100
19158	8023
19167	14956
1917	4584
19170	13302
19176	17486
19185	39785
19188	17690
19194	17962
19197	7570
192	30261
1920	6184
19200	35274
19209	32435
19212	43340
19215	6151
19224	88
19227	27473
1923	10873
19230	61
19233	989
19239	35344
19248	271
19251	39
19254	14780
19257	30087
1926	17845
19260	17809
19266	20398
19269	181
19275	6260
19278	21002
19281	16799
19284	98
19287	1398
1929	6658
19290	4002
19293	1129
19299	18822
19302	6557
19305	28771
19308	911
19311	93
19314	4551
19317	5415
1932	37090
19320	11192
19326	103
19338	819
19341	19663
19344	11003
19347	4207
1935	4671
19350	6051
19362	337
19365	57576
19371	4188
1938	4590
19380	5687
19386	5914
19392	36
19395	34598
19404	614
19407	11839
1941	26192
19422	1048
19425	523
19428	21663
19431	206
19434	111
19437	7563
1944	1910
19443	49798
19452	9292
19455	3319
19467	10284
1947	791
19470	93
19473	4555
19479	17524
19482	2065
19485	28712
19488	787
19494	574
195	481
1950	23158
19500	45944
19503	11763
19506	2654
19509	267
19512	23977
19515	32656
19518	31
19521	1776
19524	299
19527	15703
1953	22822
19533	962
19536	16720
19539	10032
19542	5450
19545	29
19554	12826
19557	59643
19575	35947
19584	6467
19587	18011
1959	31172
19590	15631
19599	15807
19602	52358
19608	20181
19611	16600
19617	7534
1962	120
19620	45904
19629	28463
19632	1083
19635	47
19641	56266
19644	486
1965	1561
19665	12641
19668	5448
19671	31090
19677	8790
1968	28828
19695	2020
19704	33
19707	21626
1971	115
19713	603
19716	14933
19722	110
19725	15290
19728	26115
19737	48
1974	105
19740	18315
19743	19599
19749	3793
19755	174
19758	380
19761	26870
19764	2194
19767	292
1977	268
19770	118
19773	51942
19776	9308
19779	510
19782	679
19785	21494
19788	58788
19791	344
198	32605
19809	22747
19812	2750
19815	13866
19818	194
19824	22368
1983	8386
19830	13730
19833	21
19842	947
19848	1551
19851	38766
1986	58830
19860	11339
19866	56
19869	85
19881	159
19884	1147
19887	1185
1989	26883
19890	1331
19893	12803
19896	39402
19899	17853
19902	17232
19911	55495
19914	1807
1992	8120
19920	9544
19929	46808
19938	4900
19944	9331
1995	1084
19950	36078
19953	504
19956	381
19959	14163
19962	53218
19965	8980
19968	44
19971	28591
19974	18511
19977	2702
1998	110
19980	10544
19986	19415
19989	5103
19998	12527
20001	40712
20004	12373
20007	323
20016	56751
20019	10597
20028	9067
20034	56265
20037	609
2004	23351
20040	6653
20046	18441
20049	829
20052	16
20055	587
20058	260
2007	232
20079	28959
20082	40998
20085	17972
20088	644
20091	11860
20094	20535
20097	768
2010	1064
20103	22601
20106	163
20109	368
20112	1673
20115	23074
20121	308
20127	308
2013	173
20139	69166
20145	851
20148	108
20151	24788
20154	71218
20157	23946
2016	8652
20163	34744
20169	8285
20175	33053
20184	2686
20187	22212
2019	13662
20190	9499
20193	30360
20202	66251
20208	24584
20214	35235
2022	64861
20220	17063
20223	306
20226	19620
20229	95
20232	2137
20235	6387
20247	4063
20250	53472
20256	18634
20268	54
20271	6178
20274	2103
20277	26430
2028	8146
20289	29233
20292	21624
20295	1899
20298	27062
20301	23425
20304	4753
2031	42100
20310	12844
20322	17197
20325	5811
20328	2942
20331	29394
20334	8610
2034	7606
20340	29905
20346	19400
20352	490
20355	18510
20364	27159
20367	56959
2037	44
20373	193
20379	14401
20382	26473
20385	17434
20391	26283
204	33092
2040	8732
20400	11944
20406	546
20412	1321
20415	15840
20418	21570
20421	1930
20427	826
20454	2635
20457	3333
20460	330
20466	15893
20469	1169
20478	1527
20481	14929
20484	2195
2049	3542
20490	445
20493	580
20496	386
20499	8568
20511	19986
20514	4966
20517	38660
2052	1393
20523	56969
20526	2358
20532	10426
20538	43
20547	28232
2055	53218
20553	52681
20556	49127
20562	405
20568	34414
20577	16389
20580	16635
20583	23977
20586	19825
20589	27027
20604	9711
20616	37334
20619	161
20625	3887
20631	57
20634	905
20637	16978
2064	508
20643	27961
20646	97
20649	2875
20652	6782
20655	10439
20661	4696
20664	381
20667	243
2067	14597
20673	10514
20676	12
20679	13582
20682	1174
20685	10516
20688	28261
20694	222
20697	810
2070	15942
20703	93249
20706	225
20709	4535
20712	280
20715	3640
20718	13582
20721	2954
20724	7549
20727	176876
2073	27824
20730	1222
20733	18514
20736	56
20739	15568
20745	854
20748	4625
2076	7649
20760	57615
20769	192
20784	6929
20787	20423
2079	22784
20793	10604
20796	1678
20805	78
20817	10377
2082	131524
20820	505
20829	66
20835	58448
20844	593
20847	29875
2085	45
20850	3615
20856	32042
20859	790
20862	15363
20871	50102
20880	14044
20886	56334
20889	22847
20895	557
20901	61076
20907	288
20913	506
20916	13926
20922	5388
20925	69
20928	64901
20931	1161
2094	10948
20943	9229
20949	669
20952	39281
20958	5671
20961	173
2097	14035
20970	18284
20976	7755
20982	1739
20985	30
20988	2011
20997	5838
21	31681
210	23251
2100	24786
21000	10029
21006	32
21012	7464
21015	23659
21021	33467
2103	2892
21030	47943
21036	5639
21042	685
21054	737
21057	1005
2106	313
21060	1621
21063	2612
21069	5372
21078	25683
21084	17020
2109	6253
21090	4660
21096	209
21099	22375
21102	14463
21105	33044
21111	2974
21114	4946
2112	3073
21126	322
21138	104
21144	32432
21150	124
21159	34369
21165	94
21171	11730
21177	25804
2118	41309
21192	83
21201	357
21204	5614
21207	916
2121	60915
21213	1090
21216	1308
21219	147
21222	113
21225	274
21228	30880
21234	9888
2124	10721
21240	17975
21243	86
21249	23
21252	27933
21255	5695
2127	34043
21270	22473
21276	2459
21285	1452
21288	38
21291	22410
213	21833
2130	13980
21300	20447
21303	28113
21309	254
21318	12471
21321	153
21324	48873
21327	223
2133	21092
21333	3859
21345	201
21354	14382
21357	778
2136	74
21360	232
21363	89
21378	13429
21381	8012
21387	28857
2139	15548
21390	354
21396	3671
21399	1265
21402	87891
21411	1122
21429	32
21432	15065
21447	27123
2145	627
21456	4624
21459	19222
21465	1922
21468	25054
21474	9177
21480	33180
21483	1655
21489	10808
21492	1181
21495	3914
21501	8146
21507	31775
21510	18432
21513	9806
21522	19540
21525	859
21528	563
21531	13427
21534	8728
21546	17329
21552	9710
21558	28024
21567	21600
2157	2401
21570	77
21573	29184
21576	14069
21579	34814
21585	16675
21588	9228
21591	4477
21597	23964
216	34296
2160	212
21600	4296
21603	375
21606	30108
21621	6790
21624	27459
2163	5263
21630	3817
21633	2388
21648	87
21651	407
21654	65495
21657	699
2166	507
21660	974
21669	35009
21672	29579
21678	21037
21681	853
21684	6529
21687	19109
2169	3885
21690	321
21699	12109
21702	576
21705	10491
21711	21305
21714	264
2172	2314
21723	859
21726	9736
21735	20815
21738	39019
21747	3547
21750	15327
21753	3718
21756	19
21762	10995
21768	135
21771	17824
21774	6008
21777	85
2178	28
21783	5477
21789	12761
21798	1007
21801	12952
21816	20590
21819	11872
21825	12644
21828	8256
21834	4976
2184	3418
21840	23999
21843	10224
21846	20877
21849	467
21852	16441
21864	919
2187	40
21870	16391
21882	67833
21888	16549
21891	105
21894	17204
219	3292
2190	24781
21906	6203
21909	5994
21912	6874
21918	415
21921	25012
21927	16326
2193	99
21930	302
21933	20630
21936	79560
21942	6249
21951	7977
21954	17
2196	5272
21975	2746
21981	19191
21984	27152
21993	2779
21996	1014
21999	4881
22002	2647
22005	8675
22008	2768
22011	19
2202	2157
22020	36838
22026	7200
22032	2147
22041	5824
22044	73926
2205	13723
22053	605
22068	22
22071	1146
22074	188
2208	48898
22083	2034
22086	153
22092	38712
22098	163
22101	547
2211	70415
22110	477
22119	24337
22122	99
22125	182
22128	21061
22134	1118
2214	9014
22140	19481
22146	11047
22149	14339
22158	5301
22170	12891
22173	85
22176	1622
22179	36
22194	387
22197	4068
222	165877
2220	6227
22203	18241
22209	20807
22227	7850
2223	18224
22233	32811
22236	23418
22239	25540
22245	15296
22254	33
2226	12721
22260	1522
22263	457
22266	551
22269	31488
22272	20367
22278	41863
22281	1002
22287	40434
2229	80458
22290	470
22293	7479
22296	215
22305	14391
22311	37116
22314	961
2232	551
22320	55565
22323	1776
22326	12398
22338	172
22341	3882
2235	145
22350	796
22353	20696
22356	2603
22359	11645
22371	8412
22374	2376
2238	20065
22380	319
22386	8058
22395	18619
22401	23672
2241	133
22410	42622
22413	30564
22422	604
22425	14330
22431	45051
22434	25430
22437	104026
2244	18440
22440	17431
22443	52432
22452	18426
22455	270
22458	9658
22464	15617
22467	29591
2247	103364
22470	328
22473	2283
22476	13839
22482	4582
22488	263
22491	30672
22497	1071
2250	379
22503	28169
22506	146
22509	21750
22512	790
22515	64721
22527	10478
22530	2160
22533	14395
22536	7913
22539	9569
22542	5253
22548	109
22551	2189
2256	23695
22560	750
22563	73436
22566	318
22569	13539
22581	12400
22584	7592
22587	5315
2259	40347
22590	919
22593	12270
22596	27226
22602	39284
22608	4129
22611	10999
22614	12513
2262	6196
22626	953
22629	41074
22632	544
22635	10778
22641	36856
22644	22204
22647	1993
2265	21485
22650	27272
22659	192
22668	396
22671	759
2268	4471
22695	13667
22698	22502
22707	7378
2271	15743
22710	1679
22716	1385
22725	26207
22731	402
22734	25380
22740	8562
22749	37753
22752	27348
22758	86911
22764	13510
22767	8923
22782	346
22785	40452
22788	53657
22791	1006
22797	460
228	6753
2280	2141
22800	4141
22806	19306
22812	1748
22815	3137
22824	12750
22827	220
2283	29986
22833	5987
22836	12726
22839	79122
22851	1389
2286	35566
22863	10214
22869	56791
22881	96
22884	144
2289	3039
22890	3551
22893	175
22896	9590
22899	15815
22902	41378
22905	399
22914	658
2292	866
22923	311
22932	71786
22935	14043
2295	542
22962	9572
22968	9801
22977	3648
22980	130
22989	18355
22992	52470
22998	20984
23004	33608
2301	16446
23016	379
23019	9966
23031	2967
23034	61
2304	7786
23040	34
23043	2748
23046	15716
23052	102
23055	38465
23058	40636
23061	1280
23064	648
2307	109
23070	9026
23079	16388
23085	24592
23091	18778
23097	2989
231	74
2310	4221
23112	7457
23115	11743
23118	611
23124	27
2313	12052
23130	7742
23136	4215
23139	1478
23142	26272
23148	429
23151	27818
2316	7221
23163	13962
23166	1679
23169	13661
23178	28359
23181	216
23184	20304
2319	21669
23190	198
23193	1518
23211	44
23217	72
23220	32577
23223	62
23226	35506
23232	148
23238	11961
23241	131
2325	16410
23250	46
23256	16219
23259	360
23265	31689
23268	101
23271	11769
23274	18
23277	3008
23283	128
23289	11728
23295	1692
23304	9404
2331	17807
23313	145
23316	184
23322	6429
23331	6844
23337	292
2334	30349
23340	27162
23343	20852
23361	20940
23367	9013
2337	2734
23370	12108
23376	2250
23379	769
23382	24472
23385	32220
23388	6427
23391	33124
234	10122
2340	63
23400	52381
23409	14493
23412	97
23421	12562
23424	83201
2343	28053
23433	9891
23436	35912
23439	1952
23442	10216
23445	8339
2346	2644
23463	63066
23466	349
23478	16724
23481	2354
23484	20158
23487	18063
23490	12779
23493	2477
23496	5015
23499	8803
23508	6813
23511	2507
2352	64
23520	4383
23526	127
23529	42
23532	21866
23535	14346
23544	14122
23547	868
2355	47588
23550	29279
23556	167
23559	2574
23565	13064
23574	140
23577	497
23583	1102
23595	18179
23598	6900
23604	3074
23607	29229
2361	43052
23616	12227
23619	2218
23622	39448
23625	4504
23628	2294
2364	9104
23643	34
23646	38002
23652	166
23670	15577
23673	3637
23682	6088
23688	47982
23691	32779
23697	29395
237	1396
2370	2365
23706	44835
23709	8387
23724	1957
23727	18198
23733	905
23739	7849
23742	1526
23745	4109
23748	337
23751	136
23754	8335
23757	4207
2376	60583
23766	33942
23769	1234
23772	2660
23778	30251
23781	26804
23787	280
23793	30672
23799	16327
23805	43
23808	557
23811	11231
23817	8370
2382	9078
23820	167
23826	35937
23835	14068
2385	367
23850	5250
23862	6073
23871	10322
23874	239
2388	12282
23898	3003
23901	13174
23904	4767
23907	430
2391	30687
23919	15138
23922	810
23925	14834
23931	7008
23934	43190
23937	23308
2394	323
23943	7426
23952	1587
23955	103
23964	167
2397	1167
23976	2726
23979	1311
23982	154
23985	12008
23991	7107
23994	25277
23997	3169
24	30317
240	8495
2400	204
24000	8315
24003	27597
24006	36166
24009	30222
24015	16373
24021	261
2403	44509
24036	2904
24042	1305
24045	35
24051	536
24057	14708
2406	29063
24060	6063
24063	58
24069	80
24081	2780
24084	26733
2409	9766
24093	1469
24102	2725
24105	434
24111	4470
24114	8014
24117	813
2412	30195
24120	20
24126	56
24129	11419
24132	268
24135	3060
24144	254
2415	35013
24153	28944
24159	2084
24162	3414
24165	10434
24171	4882
24174	1892
24183	47873
24186	1840
24192	30211
24195	5657
24198	471
2421	14121
24216	45336
24219	1941
24222	5171
24225	20505
24228	3095
24231	10079
24252	4959
24264	13990
24267	8466
2427	7638
24273	5505
24285	242
24288	1734
24297	7372
243	28774
2430	53451
24303	19059
24306	26850
24309	3348
24315	6280
24318	3587
24327	10582
2433	34230
24330	383
24336	679
24339	536
24354	4371
24357	8955
24360	39489
24363	5472
24369	8180
24375	36701
24381	6474
24384	18040
2439	54534
24390	1256
24393	54
24399	14
24411	12156
24414	6051
24417	240
2442	5897
24420	75
24423	360
24426	56
24435	21296
24438	24261
24441	124
24444	19
24447	10778
24450	1144
24456	36851
24462	18419
24465	9869
24468	6917
24471	5177
24474	80
24480	629
24483	6966
24489	21759
24495	21188
24498	810
2451	36784
24510	13275
24516	17110
24519	55
24522	4675
24528	2652
24534	21718
2454	8847
24540	8633
24552	11975
24555	95
24564	1021
24567	2983
24570	7759
24573	21998
24576	17854
24585	2103
24591	966
24597	3429
246	23908
2460	107
24600	86
24606	898
24612	5748
24618	37
24624	818
24627	9424
24639	4158
24645	79
24651	251
2466	9771
24660	102
24666	32232
24669	21568
24672	56408
24678	19869
24681	4324
24684	78
24687	22838
2469	1985
24705	34035
24708	1608
24714	14624
24735	2563
24738	7360
24741	1640
24747	18266
2475	13410
24753	19177
24759	94
24762	9685
24765	92135
2478	29482
24792	20672
24795	1803
24801	6285
24807	23408
2481	28225
24810	16371
24813	50035
24816	28092
24819	19024
24825	23756
24828	80
24834	196
2484	13852
24843	26872
24846	1456
24849	5845
24852	1291
24858	7560
2487	88
24873	526
24876	49237
24891	708
24894	69938
24897	20785
249	44001
2490	11498
24900	35971
24903	22115
24912	68
24918	15066
24924	16817
2493	12555
24930	3252
24933	2249
24936	37006
24939	175
24942	6491
24948	32443
24960	4848
24978	233
2499	13510
24990	825
24999	2569
25002	42954
25005	12207
25008	240
25020	3687
25032	1280
25035	3007
25038	1785
25041	376
25044	121
25047	1262
25056	47174
25059	20993
25065	293
25068	2194
2508	86301
25083	10648
25089	30375
25092	5901
25104	3103
25107	47413
2511	9790
25125	1340
25131	28544
25137	11950
2514	294
25140	144
25143	1871
25146	60
25158	25342
25164	106
2517	536
25173	5687
25179	121
25182	13027
25188	12889
25194	2232
25197	14307
25206	356
25209	43089
25215	15071
25221	10695
25224	24350
25227	2011
25230	10269
25233	36267
25239	11863
25242	22392
25245	20581
25251	347
25254	803
2526	6629
25260	1464
25263	465
25269	61494
25275	25225
25278	17535
25284	31659
2529	11064
25290	13707
25299	499
25311	7591
25314	264
25317	13325
2532	7100
25323	17624
25326	14703
25329	168
25335	6410
25338	19539
25341	58176
25350	35086
25353	274
25356	11881
25365	11537
25371	1530
2538	14117
25386	3644
25389	2114
25398	1808
25407	72
25413	243
25419	244
25422	59
25425	16119
25428	144
25434	8111
2544	49
25440	14004
25446	16861
25461	11477
25464	16944
2547	1547
25470	2707
25485	7198
25494	6742
255	4183
2550	6477
25506	7786
25509	526
25512	62276
25524	3422
25527	355
2553	1738
25545	4091
25548	2529
25557	16626
2556	33423
25563	467
25566	3047
25569	43599
25572	58540
25575	4240
25584	197
25587	1117
2559	750
2562	20573
25629	570
25647	1539
2565	1771
25659	1632
25665	8583
25668	11042
25671	14946
25674	2393
25680	6486
25686	11890
25689	4974
25695	109
25698	54927
25701	17515
25704	4158
25707	18115
25710	71611
25713	81079
25716	12825
25722	55
25725	50563
25728	7183
25731	1223
25734	4368
25737	3244
2574	24251
25740	14057
25746	51519
25755	291
25770	28661
25773	7836
25779	329
25782	57681
25785	255
25794	8480
25797	593
258	29413
2580	20240
25800	3459
25803	52337
25815	525
25821	40016
25827	60917
2583	11112
25830	73
25836	144
25839	7079
25845	15008
25848	14832
25851	9183
25854	16449
25866	5002
25869	74
25872	17832
25878	20626
25884	346
25887	980
2589	945
2598	271
2601	1472
2604	15915
261	501
2610	13751
2613	17999
2616	9863
2619	11659
2622	5342
2625	7213
2628	9079
2631	40441
2637	31601
264	45028
2640	27673
2643	399
2646	18048
2649	16124
2652	251
2661	53645
2667	1797
267	1464
2670	2328
2673	13541
2676	34724
2679	127
2682	3759
2685	24910
2691	263
2694	13015
2697	36749
27	52
270	8828
2700	58
2703	4409
2709	25736
2712	26002
2715	20033
2718	22202
2721	40287
2724	34194
2727	46091
2730	21065
2733	537
2739	1991
2745	32832
2751	5742
2754	105
2757	9833
2763	7332
2766	21537
2769	17370
2775	11629
2778	6141
2781	24934
2784	733
2787	26905
279	39077
2790	13886
2793	29
2796	16992
2799	6233
2805	248
2808	3705
2811	7166
2817	13394
282	12564
2820	14225
2826	6255
2829	2136
2832	19387
2835	540
2841	67
2844	1438
2850	21769
2853	10565
2859	10820
2862	54413
2865	10882
2868	24666
2874	47236
288	62344
2880	22585
2883	4004
2886	2769
2889	2972
2892	2161
2895	957
2901	99217
2904	30736
2907	7888
2913	47716
2919	505
2922	42381
2925	1174
2931	16393
2934	477
2937	106
294	2875
2943	6304
2946	21343
2949	32013
2952	36408
2955	3164
2958	17262
2964	9655
2967	149
297	17267
2970	55892
2976	4595
2979	23883
2982	37422
2985	13109
2988	4058
2991	705
2994	187
2997	331
3	1108
300	55749
3000	411
3009	8913
3015	61
3018	17345
3024	32022
3027	599
303	2054
3033	10841
3042	77
3048	15715
3054	8676
3057	33702
306	318
3063	4356
3066	27405
3069	60188
3072	925
3075	652
3078	21967
3081	26
3084	3128
3087	15035
309	1106
3090	4866
3093	21031
3096	101
3099	1639
3102	36
3105	6327
3108	4095
3111	438
3114	21351
3117	1258
3123	9425
3126	22194
3129	658
3132	121
3135	5698
3138	4708
3144	11428
315	25926
3153	463
3156	6626
3159	20217
3168	18679
3174	12009
3177	3202
318	29944
3180	2303
3186	1817
3189	11285
3192	105
3195	74
3201	13593
3204	57920
3207	876
321	39739
3213	21087
3219	502
3222	19896
3225	275
3231	38334
3234	16365
3237	10045
324	35102
3240	20346
3243	58561
3246	7560
3249	2056
3255	668
3258	1522
3261	1762
3267	33234
3273	2937
3276	64
3279	50537
3282	34222
3285	251
3288	2819
3291	56479
3294	66600
3297	24601
33	7829
330	33430
3300	20136
3303	205
3306	57847
3309	12318
3312	63
3315	8101
3324	9958
3327	11352
3330	137
3333	63969
3339	69265
3342	108
3348	43
3357	57101
336	16012
3363	87066
3366	7434
3369	40
3372	2952
3375	167
3378	51017
3381	11028
3384	2374
3387	12366
339	22158
3390	137
3393	3096
3396	7353
3399	37395
3402	102
3405	29865
3408	12001
3411	13343
3417	51049
342	33619
3420	26681
3426	807
3441	25178
3444	1994
3447	18194
3450	8776
3453	40833
3459	53
3471	20060
3474	568
3477	13352
348	17
3480	59221
3483	18218
3489	168
3492	444
3495	7045
3498	11841
3504	6521
3507	18687
3510	1204
3513	21094
3516	26942
3519	216
3522	43683
3525	4678
3528	42622
3531	3894
3534	481
3537	37458
354	19278
3543	38286
3546	17954
3549	17377
3552	102
3555	443
3561	55918
3564	303
3567	2967
357	8774
3573	1637
3576	9650
3579	34769
3585	8844
3588	4386
3591	7094
3597	120
36	1093
360	8397
3600	3936
3603	9713
3612	57692
3627	2889
363	8546
3630	34807
3633	285
3639	176
3642	28354
3648	70
3651	203
3654	7024
3657	25977
366	10095
3660	328
3663	144
3666	22035
3669	34434
3672	217
3678	54
3681	356
3684	21027
3687	3594
369	695
3690	52844
3693	40150
3696	4003
3702	8999
3705	55
3708	1669
3711	34
3714	104878
372	68
3720	150
3723	45453
3726	23030
3729	80897
3732	1868
3735	12486
3738	21970
3741	1874
3744	1905
3747	3213
375	38036
3750	268
3759	13405
3765	2489
3768	2377
3771	2991
3774	1532
3777	84
3783	87758
3789	2013
3792	541
3798	35922
3804	17542
3807	23812
381	9882
3813	4135
3816	9102
3822	2660
3825	8861
3828	48050
3831	68382
3834	80
3837	7898
384	2440
3843	7635
3846	23737
3852	11976
3855	5874
3858	51305
3870	17370
3873	12292
3876	103
3879	5629
3882	43627
3885	24137
3888	18376
3891	25028
3894	19864
3897	104111
39	342
390	2520
3903	2961
3909	2970
3912	22091
3915	174
3918	38177
3921	39763
3927	96
3930	7717
3933	61619
3936	826
3942	18818
3945	53346
3948	59
3954	8287
3957	28076
396	70
3960	1601
3963	9965
3966	61
3969	8531
3972	1005
3975	113872
3981	16289
3984	1304
3987	16795
399	10696
3990	581
3993	16639
3996	3129
3999	78695
4002	72114
4005	8334
4008	39908
4011	20083
4017	14585
402	18907
4020	176
4023	1862
4026	3637
4032	1205
4035	64883
4044	297
4047	9511
405	27805
4050	2159
4053	234
4056	18201
4059	16583
4062	3554
4065	329
4068	2059
4071	34273
4074	17772
4077	475
408	31036
4080	29093
4089	6217
4092	8362
4095	878
4098	15404
4101	43617
4104	16052
4107	6195
411	100886
4110	43336
4113	31917
4116	5293
4119	196
4122	4745
4125	5966
4128	890
4131	3251
4134	22760
4137	30236
4143	13409
4146	37137
4149	127
4152	82291
4155	123
4158	7224
4161	22780
4167	85
4170	2399
4173	63
4179	16330
4185	942
4188	5682
4191	41482
4194	2244
4197	19673
42	14151
420	11205
4206	2244
4209	77
4215	3679
4218	56515
4221	7324
4224	60733
4227	85
423	2550
4233	69548
4236	19338
4239	20514
4242	4654
4245	24129
4248	11232
4251	1267
4254	6882
4263	2364
4266	6465
4269	44
4272	18990
4275	23744
4281	3585
4287	37509
4290	7594
4293	18759
4299	112691
4302	82
4305	35482
4308	342
4311	22014
4314	63708
4317	12641
4320	9911
4323	25532
4326	32295
4329	12776
4332	10715
4335	1161
4338	16593
435	1388
4353	24366
4356	375
4359	90
4362	3120
4365	20244
4368	1173
4371	2418
4374	30235
4380	24952
4383	12745
4386	2172
4389	21370
4395	280
4398	10511
4407	8024
441	2761
4410	605
4419	321
4422	68
4425	16533
4431	26854
4434	2437
4437	24641
444	32460
4440	30352
4446	10908
4449	308
4452	35385
4455	168
4458	388
4464	28075
4467	40609
447	42
4470	719
4473	7629
4476	17633
4482	5095
4485	43275
4488	61
4491	556
4494	17427
4497	69
45	57354
450	15014
4503	13793
4509	5641
4512	53358
4515	10634
4518	19638
4521	12686
4524	67871
4533	42477
4536	23446
4539	55389
4545	38233
4548	118019
4551	15701
4557	20913
456	21403
4563	330
4566	4135
4569	40497
4572	7443
4575	13030
4578	2262
4587	2215
459	47396
4593	60347
4596	4387
4599	20425
4602	280
4605	116
4608	22553
4611	413
4614	916
4617	216
462	725
4623	19150
4626	22737
4635	47167
4638	9602
4647	40648
465	172
4653	945
4662	397
4665	23518
4671	8621
4674	10731
468	1785
4680	45386
4683	15552
4686	34896
4689	47373
4695	52063
4698	15825
4701	3010
4704	27952
471	12661
4710	6430
4713	28329
4716	208
4719	56
4722	6918
4725	6405
4728	41271
4731	4792
4734	54
4737	268
474	1359
4740	3825
4752	14711
4755	7832
4764	16808
4767	11487
477	948
4773	14574
4776	127
4779	2051
4782	11109
4785	23478
4788	867
4794	11609
4797	63678
48	26491
480	8207
4803	160
4806	48664
4812	26499
4821	24229
4824	51134
4827	13486
483	32110
4830	73801
4833	431
4836	298
4842	51417
4845	77003
4848	2469
4854	1083
4857	36015
486	98645
4860	36
4863	227
4866	21191
4872	259
4875	73084
4881	15770
4884	246
4887	24459
4893	298
4896	5972
4899	1176
4902	2037
4908	66141
4914	14349
492	77
4923	5908
4926	22243
4929	72943
4935	4742
4944	13781
495	17949
4953	12369
4956	14812
4962	23184
4965	14944
4968	13180
4974	9705
4977	2524
498	15685
4980	13662
4983	20242
4986	38
4989	2688
4992	11992
4995	74
5001	269
5004	30794
5007	2565
5010	812
5013	60
5019	136
5025	60057
5031	1012
5034	12589
5037	55532
504	537
5040	18797
5043	8306
5046	13719
5049	25329
5052	5335
5055	16099
5058	26307
5061	49825
5064	11292
5067	18582
507	20245
5070	8544
5073	11684
5076	4882
5079	30423
5085	47090
5088	2218
5097	1063
51	5914
510	97
5103	7481
5106	338
5109	1779
5112	6270
5115	44274
5118	3755
5124	2827
5127	1990
513	54
5130	6521
5133	36
5136	177
5139	3204
5142	48861
5145	7166
5148	51419
5154	452
5157	634
516	37564
5160	199
5163	473
5172	3286
5175	12448
5181	9685
5184	5627
5187	1182
5193	14095
5199	805
5202	40778
5205	40889
5214	43780
5217	37880
5223	16724
5226	24044
5229	8009
5238	7077
5244	17189
5247	7616
525	75198
5250	88
5256	17734
5259	191
5262	30712
5268	27769
5271	3789
5274	5365
528	43999
5283	58609
5286	23
5289	696
5292	71549
5298	38117
5301	121
5307	31571
531	21213
5310	55702
5313	24974
5316	1073
5319	19311
5322	41632
5325	59
5340	54818
5343	3216
5346	18
5352	50529
5355	270
5361	5123
5364	20374
537	79
5370	5570
5373	1534
5376	25184
5379	3127
5382	26011
5385	32803
5388	6867
5391	50232
5394	15436
5397	4542
54	15909
540	105
5400	17934
5403	62
5415	18982
5418	14784
5427	1171
543	7345
5433	2098
5439	550
5442	8256
5448	855
5451	419
5454	17193
5457	23403
546	120889
5460	265
5463	61923
5469	5160
5472	11510
5478	242
5481	1892
5484	18761
5487	54469
549	46828
5490	473
5493	8816
5496	87
5499	20680
5505	24478
5508	3099
5511	2010
5514	568
5517	49691
552	19300
5520	512
5526	48388
5532	8165
5541	68761
5544	648
5547	110
555	66524
5550	56366
5556	1305
5559	19686
5565	19995
5571	30783
5574	25247
5577	117
5586	1597
5589	5429
5592	21987
5595	358
5598	33927
5601	30821
5604	611
5607	25563
561	2037
5610	4402
5613	29541
5616	45364
5619	88
5622	1251
5625	10764
5628	429
5631	23012
5634	55628
5637	1825
564	13563
5655	107
5658	2914
5661	1193
5664	12287
567	7038
5670	50336
5673	17275
5676	10224
5685	10078
5688	427
5697	10125
57	155
570	275
5703	14383
5706	56295
5709	194
5718	22236
5721	781
5727	16651
573	3032
5733	5251
5736	25640
5745	2490
5748	4229
5754	34
576	13831
5760	14385
5763	15973
5766	1309
5769	677
5775	10618
5778	43300
5781	24443
5784	74602
5787	592
579	34398
5790	75691
5793	16169
5799	19428
5802	1757
5808	27873
5814	8474
5817	1561
582	13986
5823	22934
5826	34649
5829	985
5832	41
5835	19
5841	14214
5844	20496
585	10458
5853	38631
5862	20463
5865	82
5868	10411
5871	12248
5874	13101
5877	125
588	35169
5880	3278
5883	7753
5889	4414
5895	11281
5898	7761
5901	14743
5904	22485
5907	1099
591	11771
5910	21016
5913	16644
5916	7555
5919	54643
5922	44
5925	289
5931	26755
5934	20143
5937	68
594	69
5940	1987
5946	18010
5949	11675
5952	31508
5955	35939
5961	13327
5964	1529
597	13400
5970	260
5979	107
5982	247
5985	1391
5988	1223
5994	51
5997	2441
60	8805
600	25242
6000	67
6006	2006
6009	29547
6018	235
6027	11312
603	14135
6030	32561
6033	111
6036	4033
6039	242
6042	6687
6045	13424
6048	4609
6054	23747
6057	24082
6063	27023
6066	1494
6075	15915
6078	673
6087	9060
609	17769
6090	63578
6093	18969
6102	42917
6117	3122
612	51731
6123	6040
6126	86252
6129	57878
6132	54086
6135	9631
6138	147
6144	28598
6147	4687
615	5957
6153	17990
6162	4214
6165	175
6168	50587
6171	16607
6174	56
6177	13546
618	7090
6183	2327
6186	23621
6189	30318
6192	54603
6195	19122
6198	8173
6201	7754
6207	7566
621	601
6213	393
6219	60698
6222	464
6225	9338
6231	29378
6237	16387
624	36826
6240	628
6243	28270
6246	6513
6252	29764
6258	22654
6261	52140
6264	121
627	187
6270	23617
6276	4407
6279	48
6282	18075
6288	51397
6297	19393
63	8549
630	45822
6300	41001
6303	372
6312	59847
6318	414
6321	12394
6324	38
6327	17326
633	4223
6330	49126
6333	457
6336	18071
6339	14831
6342	234
6345	22513
6348	16707
6351	8956
6354	17377
6357	23133
636	8326
6360	66328
6366	389
6369	2147
6372	1364
6375	8112
6381	70
6387	4827
639	4416
6390	1247
6393	1032
6399	2803
6402	102491
6405	12890
6408	40414
6411	2333
6414	594
6417	22532
642	85
6420	19673
6426	521
6432	30118
6435	8437
6438	4784
6441	197
6444	43973
6450	7674
6453	33343
6456	10521
6459	27124
6468	35077
6471	23986
6474	12599
6477	20801
648	19695
6480	11325
6486	579
6489	3107
6492	14097
6501	14311
6504	6633
6507	49893
651	147162
6510	29674
6513	20
6516	19654
6519	1683
6525	19305
6528	4628
6531	145
6534	19518
6537	746
654	3713
6540	30041
6543	12539
6546	15981
6555	585
6558	110
6561	1281
6564	3426
657	227
6570	25779
6573	3178
6576	25373
6585	1805
6588	8108
6591	756
6594	23567
66	15346
660	28018
6600	385
6609	28779
6618	19940
6627	2633
6636	155
6639	3465
6642	2352
6648	41323
6651	3341
6654	12496
6657	22513
666	12017
6666	16923
6669	15968
6672	35256
6678	5783
6681	157
6684	7099
6687	38457
669	103
6693	211
6696	1114
6699	8365
6702	4713
6708	27019
6711	263
6717	20202
672	14423
6720	136
6726	32433
6729	26310
6735	27021
6738	15468
6744	44157
6747	281
675	4955
6756	140
6765	26480
6771	35219
6774	109
6780	37292
6789	22889
6798	83
681	17091
6810	24406
6816	290
6819	104049
6822	15394
6825	99460
6828	2454
6834	68320
6837	8187
684	10580
6840	8752
6855	20508
6858	93763
6861	204
6864	15520
6867	20089
687	32540
6870	481
6873	12202
6879	316
6882	53911
6885	151
6888	37370
6891	12047
6894	31030
6897	1811
69	17915
690	16876
6900	117
6903	1231
6906	19341
6915	3848
6921	34679
6927	26417
693	2991
6936	12422
6939	2129
6942	40547
6945	480
6948	15327
6957	56424
696	220
6960	61143
6969	14890
6972	5495
6975	23950
6981	80470
6984	55902
6987	53248
699	13421
6990	11247
6993	8133
7002	53348
7005	1127
7008	9832
7011	36
7014	12368
702	7857
7020	1092
7026	52494
7029	86178
7032	14671
7035	3263
7038	97
7041	378
7044	11174
7047	2777
7050	106206
7053	312
7056	8982
7059	132
7062	46500
7065	22812
7074	21286
7077	14213
708	128
7080	41756
7083	49337
7086	12
7089	15
7092	3054
7101	28400
7104	20277
7107	113
711	58
7113	4099
7116	8125
7119	25366
7122	212
7125	23721
7128	744
7131	4305
7134	25956
7137	44601
714	19683
7140	1918
7143	7278
7149	5521
7155	95
7158	15828
7161	15003
7164	69485
7167	125
7170	59905
7173	2712
7176	12138
7188	9733
7191	74589
7194	473
7197	4078
720	11685
7200	22915
7203	83
7209	1688
7212	2661
7218	22149
7221	581
7224	1546
7227	15928
723	12150
7230	400
7233	47
7239	8920
7242	79
7251	15075
7254	99
7257	11936
726	9044
7260	21013
7263	23
7266	10973
7269	629
7272	978
7275	76
7281	30430
7284	1975
7287	458
729	14760
7290	32955
7293	49033
7299	20125
7302	15243
7305	25552
7308	3178
7311	1464
7314	6981
7317	80587
732	9319
7320	35920
7326	47
7329	864
7335	3841
7338	1993
7344	173377
7347	113
735	14182
7359	11019
7362	4071
7365	1182
7368	175
7371	19650
7374	25468
7377	108
738	18304
7383	42981
7386	208
7389	192
7392	4455
7395	31653
7398	10737
7404	29999
7407	7150
7413	16344
7416	88597
7419	80
7422	20973
7425	23713
7428	5559
7431	497
7434	10483
7437	537
7440	16007
7446	21532
7452	85
7455	274
7458	21756
7461	982
747	204
7470	506
7476	61071
7479	5906
7482	412
7488	15757
7491	9112
7497	22911
750	34694
7500	818
7506	29857
7512	315
7518	255
7527	3777
7530	1657
7533	68420
7536	3560
7539	44
7542	23976
7545	2409
7548	327
7551	4103
7554	88920
7557	7113
756	22077
7560	19612
7563	4161
7566	8451
7569	14035
7575	6522
7578	15598
7581	10841
7584	27288
7587	504
759	10158
7590	58513
7596	4003
7599	20761
7602	35492
7605	761
7614	706
7617	12343
762	8341
7620	41735
7626	131014
7629	4707
7635	60439
7638	482
7641	24921
7644	56411
7647	34714
765	20117
7650	1567
7653	503
7659	55866
7662	2106
7671	4741
7674	3021
7680	24822
7683	15210
7686	377
7689	19064
7692	1864
7695	6591
7704	18103
7707	12868
771	4782
7710	31186
7716	646
7719	66239
7722	7631
7728	37
7731	68
7734	35588
7737	60087
774	10698
7746	72185
7749	988
7758	107
7761	28640
7767	60
777	74015
7776	10132
7782	99741
7785	1905
7788	1757
7791	25090
7794	11894
78	37171
780	45566
7803	7401
7815	11898
7818	16006
7821	6425
7824	82
7827	5325
7830	39075
7833	34262
7836	4625
7839	18136
7842	25593
7845	12401
7851	20631
7857	2462
786	25921
7860	3805
7863	7871
7869	26594
7872	8309
7875	19023
7878	1584
7881	1883
7884	5150
7887	16221
7890	5485
7893	10477
7896	21007
7899	515
7902	38
7905	6788
7911	4413
7914	4607
7917	34442
7920	336
7926	18183
7929	3772
7935	43006
7938	6002
7941	32297
7947	117
795	4439
7950	18215
7956	24811
7959	6360
7962	56120
7965	35662
7971	10132
7980	110085
7983	2596
7986	34897
7992	4252
7995	15320
7998	11006
8001	48290
8007	281
801	72
8010	55805
8013	38
8016	13387
8019	14106
8025	2496
8028	24586
8031	10436
8037	83526
804	39
8040	15684
8049	19065
8055	22024
8061	19251
8067	20665
807	198
8070	5912
8073	312
8082	9396
8085	49703
8088	17223
8091	75
8094	41375
8097	1362
81	16466
8100	234
8103	38727
8106	13381
8115	10136
8121	46502
8124	1577
8127	14093
8130	31225
8136	16052
8142	181
8145	6558
8154	396
8157	424
816	13690
8160	8442
8163	2337
8166	1205
8169	573
8175	36399
8178	29638
8181	16142
8187	781
819	48191
8190	8216
8193	518
8196	3033
8199	5118
8205	616
8208	1917
8214	4749
8217	2440
8235	10117
8238	36536
8241	116
8244	16285
8250	29584
8253	36
8256	501
8259	113
8262	37
8274	9881
828	7585
8280	12652
8283	787
8286	50587
8289	9808
8292	35129
8301	115545
8307	19496
831	4967
8310	20762
8316	794
8319	1899
8328	31443
8331	24222
8334	64635
8337	4558
834	215
8343	27844
8346	91782
8349	7964
8352	1094
8358	42165
8361	13589
8364	26157
837	24005
8370	15872
8373	485
8379	140
8385	23545
8391	20893
8394	12053
8397	66
84	51883
840	123682
8400	34948
8403	17347
8409	36256
8412	2525
8418	86090
8421	5441
8424	523
8427	662
843	11503
8433	14309
8436	107
8439	3637
8442	11676
8445	30133
8451	17736
8454	13948
8457	24603
8463	11261
8466	30120
8469	6443
8472	71
8475	37462
8478	16338
8481	22503
8487	2185
849	27125
8499	16884
8502	213
8508	46907
8511	1109
8517	4749
852	14165
8520	33798
8523	5548
8529	5455
8532	22119
8535	17368
8538	9299
8541	23169
8544	2949
855	250
8553	55815
8556	17984
8559	421
8562	1137
8565	12473
8568	14953
8574	45
8577	18222
858	53166
8583	18669
8586	14958
8589	17072
8595	123
8598	13942
8601	19343
8604	1127
861	9937
8613	67509
8616	6066
8622	25096
8625	18326
8628	30650
8637	6985
864	19265
8640	3869
8643	5921
8652	24711
8655	2527
8658	65710
8664	185
8667	19
867	14827
8670	9134
8673	21991
8679	24558
8691	34389
8694	42794
87	31231
870	38092
8703	8245
8709	1030
8715	64241
8718	4691
8721	33280
8730	3721
8733	321
8736	74017
8739	20922
8742	18692
8745	17320
8751	12835
8754	20671
8757	4198
876	37
8772	203
8778	902
8784	31946
879	5417
8799	13253
8805	26194
8808	4976
8811	2267
882	62
8820	172
8826	203
8829	44714
8835	407
8838	6147
8841	39340
8847	1228
8850	21833
8856	368
8859	20089
8871	15799
8874	8434
8877	1617
888	221
8880	38347
8889	8364
8895	73787
8904	20959
891	3060
8910	8566
8913	6041
8916	983
8919	17210
8922	13588
8928	31
8931	31725
8934	32528
8937	700
894	43632
8940	2983
8946	3974
8949	5274
8952	18228
8955	817
8958	243
8961	23078
8964	259
897	452
8970	72
8979	12906
8982	31152
8991	24826
8994	917
9	3509
90	38095
900	33290
9003	16794
9006	52730
9012	8602
9015	665
9024	22646
903	11780
9030	79596
9033	12213
9039	42049
9045	67
9054	62699
9057	10970
9060	14549
9066	9470
9069	13742
9072	7651
9075	1169
9084	15179
9087	2126
909	14617
9093	1007
9096	4565
9099	715
9105	20
9108	68589
9111	2267
9114	9373
9117	13315
9120	35019
9123	44497
9126	13805
9132	44481
9141	17985
9150	21507
9153	11112
9156	8353
9159	69
9165	15411
9168	8243
9171	8777
9180	18200
9183	3762
9186	1143
9189	45727
9195	12926
9198	13346
9201	188
9204	5277
9207	25614
921	6286
9210	16853
9216	13407
9219	126
9222	47249
9225	835
9228	143
9231	682
9234	1282
9237	63
9240	34009
9243	11280
9249	722
9267	11091
927	18907
9270	12806
9273	25737
9276	30890
9279	1318
9282	297
9285	11723
9288	1444
9291	8526
9294	21351
9297	1091
93	3562
9300	515
9306	3134
9309	34310
9315	35425
9321	34700
9324	286
9327	19125
933	77
9330	36736
9333	79
9336	39562
9339	12752
9342	7087
9348	100
9351	977
9354	11022
9357	37807
9360	16967
9363	14415
9366	16203
9372	14417
9375	3272
9378	9947
9384	9386
9390	15568
9393	29754
9396	54349
9399	11254
9402	29546
9405	4119
9408	34
9411	26660
9417	106
942	2054
9423	26286
9426	38437
9429	527
9438	10934
9441	141
9447	13836
9450	14887
9456	262
9459	1594
9462	10239
9465	260
9468	44135
9477	576
948	1641
9480	61974
9483	35662
9489	1061
9492	12604
9498	809
9501	4505
9504	31376
9507	59
951	661
9513	29779
9516	4709
9519	62
9522	279
9528	27342
9531	4257
9534	399
9537	8056
954	36368
9540	435
9549	8325
9552	21903
9555	13050
9558	317
9561	1174
9567	1571
957	513
9570	12438
9573	886
9579	3381
9585	31932
9594	89
96	44591
960	33266
9603	5399
9606	38865
9612	4310
9615	5473
9618	2538
9621	15599
9624	691
9627	66194
963	9223
9630	21330
9636	497
9639	11940
9645	14891
9648	7145
9654	7536
966	93125
9660	43347
9663	28495
9666	7488
9672	25577
9675	14581
9678	11202
9681	675
969	73
9693	82
9696	17716
9699	23446
9702	31254
9708	7908
9711	1612
9717	4600
972	2441
9723	10315
9729	19423
9735	96
9741	25077
9744	2462
975	23196
9750	30
9753	587
9756	8806
9759	15314
9762	101
9768	4527
9771	236
9774	1323
9777	4164
978	3214
9780	301
9783	39317
9789	17970
9792	15367
9795	84
9801	24192
9807	1955
9810	104
9813	1328
9816	605
9819	3437
9822	87071
9825	3049
9831	111
9834	117
9840	103
9846	40537
9849	9675
9852	45080
9855	10044
9858	61575
9864	43534
987	457
9873	1951
9879	20357
9882	3594
9888	199
9891	20322
9897	62
990	57680
9900	93023
9903	14199
9909	1083
9921	936
9924	48486
9927	9670
9930	29736
9933	14120
9939	340
9942	1232
9945	27327
9948	61540
9951	49
996	83023
9960	2318
9963	600
9966	315
9969	12146
9972	40
9975	11744
9978	12592
9981	4351
9984	26880
9987	71443
9990	56713
9996	59
