1	13671
100	15603
1000	15899
10003	21551
10006	135
10015	53082
10018	5254
10021	37048
1003	4285
10030	84
10033	10557
10039	8746
10042	24900
10045	13001
10048	27423
10051	55831
10054	160
10057	32078
1006	9369
10060	31671
10069	40120
10072	157
10075	14954
10078	14760
10081	692
10084	1836
1009	53556
10093	26204
10096	63485
10102	38687
10105	10348
10108	11834
10114	20850
10117	6303
1012	43874
10120	14044
10123	19658
10126	3037
10129	42683
10132	6934
10138	2424
10141	26014
1015	9512
10150	16752
10159	164
10162	14488
10168	42091
10177	26871
1018	45434
10180	28775
10183	11317
10189	1152
10192	27428
10195	24975
10198	13163
10204	54934
10207	9138
1021	292
10210	1037
10216	112
10219	37290
10222	22574
10228	5825
10231	58
1024	243
10243	21015
10246	230
10249	2672
10252	3496
10255	9453
10258	14098
10261	16554
10264	23162
10267	7738
1027	2864
10273	176
10276	7724
10282	22203
10285	5275
10288	29886
10291	882
10294	40500
10297	1381
103	15198
1030	234
10303	8614
10306	8088
10312	56469
10315	2122
10318	12800
10321	6149
10327	24889
1033	506
10330	4774
10336	10053
10339	208
10342	15035
10345	11684
10348	2839
10357	19665
1036	33
10372	41
10375	64584
10378	1310
10381	8692
10387	34471
10393	52
10396	128
10405	10014
10408	471
10414	1780
10417	141
1042	615
10420	38799
10423	19602
10426	2411
10429	6176
10435	4479
10441	4678
10447	940
1045	29345
10450	94
10456	862
10462	5799
10465	39195
10468	766
10474	12597
10477	21541
1048	42561
10480	12370
10486	11778
10489	395
10492	1380
10495	49486
10498	1252
10501	129
10504	22636
1051	17420
10510	5626
10519	14121
10525	5463
10528	18961
10534	3318
1054	11477
10540	74
10546	2245
10555	68
10561	6894
10564	36023
1057	21026
10570	282
10573	38375
10576	604
10579	18111
10582	22136
10585	1806
10588	31399
10591	26013
10597	9301
106	36694
1060	318
10600	53253
10603	12654
10606	734
10609	12858
10612	4159
10621	30173
10624	21151
10627	64474
1063	1940
10630	22890
10636	222
10639	7961
10645	229
10651	276
10654	74669
1066	29168
10660	743
10663	142346
10669	46356
10675	20300
10678	883
10687	10168
1069	53297
10690	15863
10693	14358
10699	19797
10708	21372
10711	12472
10714	16536
10717	320
1072	8637
10723	624
10732	16850
10735	5954
10738	25751
10741	103
10744	1171
1075	11082
10750	59058
10753	8226
10756	441
10762	2009
10771	1660
10774	15000
10780	17436
10783	20855
10789	166
10792	587
10801	3103
1081	2359
10810	189
10813	12924
10822	37827
10825	9856
10828	10688
10831	63764
10834	47406
10837	36362
1084	399
10840	3387
10843	9395
10852	1547
10858	232
10861	1301
10864	34
10867	1030
1087	11747
10870	20960
10873	62
10876	22906
10879	11756
10882	3447
10885	18730
10891	460
10894	18083
10897	1579
109	12165
1090	3328
10900	2369
10903	1188
10906	9141
10915	298
10918	3374
10921	5036
10924	251
1093	41681
10930	9282
10936	59039
10939	52725
10942	271
10948	6294
10951	1047
10963	1215
10966	32339
10972	94105
10978	346
10981	11734
10984	18477
1099	11713
10993	27
10996	7378
10999	1061
11008	10332
11017	51737
11020	2050
11023	63
11026	4250
11029	207
11047	6154
1105	11006
11050	8248
11053	57393
11059	22
11062	55601
11065	1973
11071	404
11074	75
1108	2342
11080	113
11083	56615
11086	714
11089	32519
11095	78016
11098	112577
11101	291
11104	57390
11107	12200
1111	32018
11110	37612
11113	6147
11119	50757
11122	784
11128	60144
11131	1377
11134	8327
1114	33659
11140	71
11146	11191
11149	4150
11152	46
11161	3128
11164	14758
1117	22395
11173	47488
11176	4123
11182	40
11185	7106
11194	67515
11206	199
11209	1563
11212	50
11215	10859
11218	998
11224	11317
11227	40644
1123	45209
11236	7027
11242	12812
11245	50663
11251	6170
11254	20115
11260	2884
11263	17383
11266	7584
11269	38527
11272	21027
11278	23725
11281	25945
11284	709
11287	5355
1129	6875
11293	3495
11299	42143
11302	340
11305	446
11311	580
11314	37362
11317	26930
1132	150
11323	3307
11326	53065
11329	3303
11341	118
11347	438
1135	14737
11353	26572
11356	20346
11359	25539
11365	8258
11368	8489
1138	7687
11380	31418
11383	132
11386	40918
11395	251
11401	4913
11404	27444
11407	282
1141	145894
11410	3062
11413	28
11416	26641
11422	10411
11425	13978
11428	132
11431	48
11434	2834
11437	52851
11440	42036
11461	8837
11464	430
11470	11795
11476	6449
11479	2194
11485	32837
11488	40253
11494	17042
11497	45544
115	3326
1150	12888
11500	468
11506	22356
11509	390
11512	571
11518	8124
11521	243
11524	60480
11527	34919
1153	23986
11530	1203
11533	64220
11536	23598
11539	16088
11542	12240
11545	67202
11548	22962
1156	10055
11560	24338
11566	35242
11569	32020
11572	102
11578	922
11581	110
11584	83
11587	1859
1159	27258
11590	35317
11596	13814
11599	5818
11602	10784
11605	9280
11608	30813
11614	264
1162	25452
11623	61
11626	4681
11629	8427
11638	666
11641	47104
11644	28
11653	7790
11656	3613
11659	3998
11662	90
11665	54584
11671	2924
11674	21467
11677	3146
1168	84748
11680	25562
11683	14403
11689	19975
11698	10643
11704	167
11707	520
11713	452
11716	5974
11722	16314
11725	28098
11728	34930
11734	930
11737	100
11749	184
11752	575
11758	12077
11764	18423
1177	32735
11773	14405
11776	17853
11779	23
11794	22004
11797	49
118	2325
1180	10645
11803	719
11806	25580
11809	13933
11815	1713
11818	35382
11821	18376
11824	13161
11827	11994
1183	9213
11836	1806
11839	18328
11845	4105
11851	6016
11854	7755
11857	9396
1186	373
11860	39517
11863	567
11869	201
1189	454
11890	1194
11896	36
11899	1069
11902	336
11908	21363
11911	40029
11914	5780
1192	290
11920	84759
11923	33569
11929	24666
11935	382
11941	34255
11944	44367
11947	12226
1195	9264
11950	20141
11953	2576
11956	5519
11959	7105
11962	9976
11965	7550
11968	82
11971	574
11974	38249
11980	7105
11989	31784
11992	4855
11995	550
11998	5196
12004	58895
1201	829
12010	6948
12016	29
12019	52839
12031	8085
1204	279
12040	22485
12052	5897
12055	3002
12058	620
12061	49
12064	24144
12067	13825
12070	26335
12082	32028
12085	5311
12088	13977
12091	34741
12094	27458
12097	604
121	4569
1210	617
12103	204
12106	209
12112	20837
12121	7999
12124	14143
1213	56765
12136	18024
12139	1929
12145	25659
12151	252
12154	11734
12157	2140
1216	107
12163	11763
12166	1778
12172	2459
12175	46648
12181	2283
12184	3290
1219	173
12190	34542
12193	30255
12196	51167
12202	10739
12205	4410
12208	279
12214	18204
12217	55476
1222	22707
12220	6707
12223	5787
12226	6031
12229	202
12232	39385
12238	26172
12241	50344
12244	10572
12250	4894
12253	14157
12259	1430
12271	17473
12274	29092
12277	8841
1228	37745
12280	8349
12283	378
12286	2181
12292	25890
12295	831
12298	240
12307	22162
1231	50044
12310	87257
12316	11252
12319	7017
12322	745
12325	32408
12343	9124
12346	7786
12349	1507
12355	66
12358	426
12364	7182
12367	29853
1237	13791
12370	14725
12376	1158
12379	21262
12382	15644
12385	6098
12388	609
12391	2361
12394	19753
12397	111
124	2560
1240	42862
12400	531
12406	57990
12412	5536
12415	4959
12418	335
12421	361
12424	45270
12427	36594
12430	36777
12439	5583
12445	19344
12448	12985
12454	20632
12457	29
1246	24930
12460	13175
12463	4149
12466	298
12469	2796
12472	2651
12478	5648
12481	24838
12484	10648
1249	38526
12490	14791
12499	323
12502	29846
12505	5663
12508	3442
12514	872
12517	33975
1252	7931
12520	63461
12523	1228
12526	800
12529	35431
12532	21088
12535	9123
12538	14493
12541	21081
12544	29809
12547	824
1255	513
12550	383
12553	228
12556	444
12559	28086
12562	1248
12571	62
12586	4592
12589	30584
12592	56157
12598	68785
12601	29622
12604	10706
12607	238
1261	71459
12610	43788
12613	14332
12616	23677
12619	9856
12622	1333
12625	45294
12628	5919
12634	37666
1264	9586
12646	4619
12649	16552
12652	45834
12655	51824
12661	61
1267	55
12670	20307
12673	8212
12676	26117
12679	33
12685	15739
12691	13
12694	40
12700	16812
12703	1837
12706	19051
12715	1975
12721	29455
12724	21554
1273	1176
12733	280
12736	29537
12739	136
12745	7057
12748	9454
12751	4415
12754	4778
12757	2058
1276	15973
12760	137
12766	14831
12769	799
12772	1975
12775	990
12781	14638
12790	2249
12796	62332
12802	309
12808	23298
12817	50350
1282	72
12820	145
12823	1388
12826	15656
12829	8860
12835	46631
12844	9732
12847	219
12853	85600
12856	12042
12862	1338
12865	7699
1288	11674
12880	72
12886	49888
12892	1256
12898	2795
12904	1615
12907	27
12916	46231
12919	55586
12922	33
12925	1135
12931	602
12934	839
12937	176
1294	13302
12946	30328
12955	2169
12961	24749
12970	11365
12973	583
12976	23500
12988	13041
12991	12186
12994	79
12997	18470
13	58
13003	3734
13006	22758
13009	20974
13018	28559
13021	312
1303	15567
13030	191
13036	899
13045	4476
13048	46241
13057	24840
13060	30
13066	13644
13072	761
13078	19447
13087	486
1309	14529
13090	8259
13093	5034
13099	17449
13102	8979
13105	5892
13108	9736
13111	47592
13117	431
13129	24698
13132	42
13135	32202
13138	84523
13141	11545
13144	4590
13147	12926
1315	4416
13150	5896
13159	8617
13165	13918
13168	36097
13174	967
1318	42048
13180	513
13186	52031
13189	21833
13198	4097
13201	2474
13204	19513
13207	590
1321	42771
13213	12598
13219	66
13222	122
13225	30980
13228	4800
13237	12980
13243	14960
13246	699
13249	34407
13255	15080
13270	5829
13273	9096
13276	15214
13279	191
13282	8257
13285	24840
13291	113
13294	66724
13297	30038
1330	678
13300	211
13303	2616
13306	23687
13309	10815
13312	10298
13315	19
13318	24743
13321	77
13327	47819
1333	116
13330	39
13333	3263
13336	485
13339	10515
13342	6050
13351	9015
13357	16764
1336	14651
13363	56714
13366	2074
13369	255
13372	178
13378	7867
13381	150
13387	32039
1339	404
13390	454
13396	21745
13399	11945
13402	15742
13405	6353
13408	51228
13414	733
13423	11437
13426	1388
13432	3344
13435	1770
13447	232
13450	9641
13453	1055
13465	4066
13474	30
13477	4927
13480	2186
13483	801
13486	2224
13489	1680
13498	27617
13501	61
13510	2404
13513	12948
13516	36
13519	5039
13522	5469
13525	43719
13528	6120
13531	69
13537	25272
1354	47375
13540	2093
13543	1346
13555	10422
13558	31
13561	32371
13567	56
1357	2650
13570	4536
13573	37948
13588	9376
13591	78
13594	18415
1360	39189
13600	15960
13603	3224
13609	16400
13615	5544
13618	23418
13621	18570
13627	741
1363	1488
13630	43793
13633	60811
13642	14079
13645	916
13651	94
13657	3070
1366	38165
13660	97984
13663	4369
13669	3434
13672	6358
13675	9366
13678	21103
13681	2184
13690	5418
13693	353
13705	47675
13711	8080
13714	162
13717	44446
1372	22824
13723	4654
13729	1054
13732	847
13735	2487
13741	14905
13744	16422
13747	8974
13750	331
13756	2277
13759	24762
13768	23311
13771	14484
13777	53256
1378	7901
13780	6534
13783	30789
13786	2183
13789	435
13792	1124
13795	50380
13798	8330
13801	452
13804	55581
13810	29916
13813	977
13819	17437
13825	2488
13828	1735
13831	26617
13837	54075
1384	18672
13846	3570
13849	29685
13852	24
13855	51460
13858	121
13864	8748
13870	46
13876	5550
13879	1614
13882	62
13885	12383
13894	4537
13897	42498
1390	29643
13900	55750
13909	1706
13912	13161
13921	14805
13924	6851
13927	14607
1393	708
13939	4551
13954	31620
13963	11689
13972	27973
13975	38512
13978	5224
13981	20220
13987	5164
1399	3386
13993	7733
13999	15119
14002	11424
14005	24918
14008	3547
14011	9811
14014	5937
14017	738
1402	447
14020	1563
14023	11132
14026	251
14032	12722
1405	20033
14050	81
14056	33446
14065	57
14068	5157
14077	876
1408	20634
14080	41866
14086	330
14089	8255
14098	40277
14101	568
14107	9734
1411	69
14110	85070
14116	21589
14119	350
14122	32112
14125	14474
14128	4327
14131	7125
14134	17925
1414	29133
14140	15793
14146	18276
14149	29
14155	584
14158	363
14164	258
14167	3448
1417	6579
14170	796
14173	64580
14185	1969
14188	870
14191	4168
14197	2377
142	40100
1420	29024
14203	7084
14206	9664
14215	722
14218	51301
14221	20227
14227	6885
14230	8896
14233	114
14239	1365
14242	3377
14245	41400
14254	13818
14257	850
14260	2361
14269	5923
14272	8161
14275	333
14278	3028
14281	1290
14284	128
14287	12405
1429	4531
14293	34687
14296	9486
14305	52182
14308	33700
14311	3703
14314	168
14320	12109
14326	13180
14329	7491
14332	13610
14335	11461
14341	24163
14344	1081
14350	5186
14356	7397
14359	410
14362	278
14365	77111
14368	37858
14371	9235
14374	1479
14377	23570
1438	13744
14383	31623
14386	6676
14392	2842
14407	39512
1441	45689
14422	47575
14428	11555
14431	13570
1444	14031
14443	1931
14455	387
14461	181
14467	177
1447	47844
14470	14611
14485	20944
14488	8828
14494	18909
1450	48718
14503	10135
14506	320
14512	23779
14518	26383
14521	4792
14527	4230
1453	11671
14536	1904
14554	232
1456	46226
14560	9259
14563	6956
14566	105
14572	13956
14578	11651
14584	12688
1459	72666
14593	299
14596	19280
14602	1477
14605	15054
14608	253
14611	33534
14617	13567
1462	35831
14620	4331
14623	51860
14632	535
14635	5776
14638	4802
14641	667
14644	21036
14647	764
1465	834
14650	4321
14653	3710
14656	31394
14659	16832
14662	1038
14665	24684
14671	656
14674	427
14677	663
1468	1703
14683	1151
14692	7921
14695	62502
14698	6828
14701	7083
14704	5263
1471	23141
14713	351
14716	412
14719	3077
14722	26177
14725	199
14728	8586
14731	11003
14734	1791
14737	2653
1474	43722
14749	75
14755	1539
14758	786
14761	11467
14764	5193
14767	228
1477	60686
14770	6374
14776	49193
14779	5016
14782	17646
14785	17458
14788	37380
14794	5268
14797	4920
148	11648
14803	21706
14806	6667
14809	30039
14824	2475
1483	128
14833	34468
14836	253
14842	17285
14854	25562
14857	2618
1486	7235
14863	1281
14866	20563
14869	5797
14878	3700
14881	14059
1489	64368
14893	17103
14896	6224
14905	1942
14908	1975
14911	37403
14914	22626
14917	14265
1492	4368
14923	4774
14926	27820
14929	630
14932	18236
14935	5277
14938	5582
14941	10913
14944	10198
1495	1480
14950	25146
14953	6899
14959	52
14965	552
14968	13126
14974	2792
14977	33270
1498	6980
14980	2088
14986	1506
14989	1528
14992	41
14998	700
15001	487
15004	3626
1501	20045
15010	16887
15016	184
15019	1212
15022	9188
15025	4383
15028	106
15031	52711
15040	35547
15043	398
15046	8050
15049	23811
15052	16821
15055	46871
15058	617
15064	59048
15067	3082
15070	3332
15073	8936
15076	16664
15079	16797
15085	11476
15091	96383
15094	22032
15097	16530
151	25425
1510	49095
15106	1324
15109	841
15112	4682
15115	41804
15121	8832
15124	2160
15127	44
1513	37783
15133	107594
15139	278
15142	107
15145	6676
15151	17640
15154	10592
15157	1040
1516	41743
15178	72
15181	21845
15184	1300
15187	23263
1519	6428
15193	90
15196	6857
15199	19668
15202	14446
15205	44523
15214	49154
1522	42885
15220	17615
15223	814
15226	6702
15235	7508
15238	187
15241	106
1525	23371
15253	45151
15259	47263
15262	281
15265	4872
15268	14731
15271	43011
15274	32342
1528	8800
15283	7153
15289	18161
15292	933
15295	7647
15298	21251
15301	12570
15307	15636
15310	804
15316	30026
15322	9005
15325	192
15328	7302
15331	133
15337	23
1534	35101
15340	27406
15346	15053
15349	1243
15352	3822
15361	11983
15364	14176
15367	306
1537	117956
15370	148
15373	13927
15376	315
15379	8714
15388	75
15391	13837
15394	13081
15397	1047
154	1402
1540	6941
15400	892
15409	11020
15415	102
15418	53671
15424	3669
15427	41224
15433	214
15439	16375
15445	20482
15451	1902
15454	28502
15457	4219
15460	10430
15469	7028
15478	100
15481	220
15484	77232
15487	8986
15490	38
15493	1765
15496	1784
15502	64059
15505	5184
15508	6383
1552	4588
15520	3968
15523	59960
15526	20134
15532	6828
15535	596
15538	3667
15544	20484
15547	27799
1555	25897
15556	206
15559	19103
15562	17248
15565	4699
15568	2855
15571	129
15577	66696
15580	22837
15583	1238
15589	64188
15601	25726
15607	6967
1561	20387
15610	444
15613	28976
15616	1277
15634	7923
15637	19171
15640	2345
15643	59
15646	55870
15652	2207
15655	11421
15658	28913
15661	12084
15664	21055
1567	12068
15670	15585
15673	40384
15676	23408
15679	23252
15682	56368
15685	2934
157	1851
1570	7102
15700	8077
15703	552
15712	727
15727	502
1573	781
15730	23
15733	13955
15745	164
15748	16969
15751	10841
15754	20970
15757	275
1576	14928
15769	60061
15772	100
15784	20268
15787	16717
1579	1725
15790	12225
15796	6718
15805	25469
15811	21749
15817	4976
1582	6799
15826	727
15832	17028
15844	124
15847	19956
15850	801
15856	51196
15862	115
15874	14096
15880	862
15883	46114
15886	429
15889	38201
15892	11263
15895	35786
15898	313
15904	1180
15907	28
1591	27879
15910	7953
15913	173
15919	754
15925	19046
15934	4037
15937	257
15940	11529
15955	25220
15958	8665
15961	6745
1597	320
15973	1203
15979	22719
15985	12133
15988	1065
16000	65223
16003	197
16006	126
16009	201
16012	26021
16015	44
16021	1764
16024	2530
1603	28483
16030	40730
16039	1133
16042	12892
16045	2734
16051	263
1606	15914
16060	27345
16063	8452
16066	30954
16072	35575
16075	32854
16078	28961
16081	28166
16087	2415
1609	23434
16093	11686
16096	71
16099	22974
16105	273
16108	336
16114	28548
1612	636
16120	291
16126	16331
16129	10370
16132	8943
16138	4951
16144	367
16147	3882
1615	33617
16150	259
16153	18620
16156	1965
16159	12140
16162	10051
16168	146
16171	46965
16174	42395
16177	522
16183	2866
16186	3312
16195	30726
16201	34
16204	356
16207	341
16216	12396
16222	14537
16234	918
16237	14090
1624	23930
16240	73854
16243	8877
16246	5121
16252	44652
16258	30600
16261	16709
16270	7204
16273	3105
16282	20962
16285	53164
16288	41232
16291	2674
163	12876
1630	14168
16300	19687
16303	483
16306	290
16312	36108
16321	10029
16324	11231
16327	87730
1633	38183
16330	4443
16339	9270
16342	20772
16345	9552
16348	71
16354	47
16363	41173
16369	10809
16372	1204
16378	6454
16384	26324
1639	640
16390	50214
16393	14207
16396	26288
16405	12388
16408	7623
16411	6538
16414	11543
16417	5622
1642	53
16420	48326
16426	217
16432	47651
16441	30434
16447	1402
16450	9734
16462	30231
16477	29408
1648	4164
16486	45774
16489	24718
16492	43586
16495	5566
16498	8943
16501	3203
16504	38781
16507	13952
1651	4786
16510	358
16519	1255
16522	24837
16528	342
16531	28792
16534	35073
16537	1227
1654	9052
16540	734
16543	23399
16546	9558
16555	2734
16558	11089
16561	7427
16564	24934
16567	12811
1657	3875
16576	22861
16582	5174
16585	34761
16591	10605
16597	151
166	25041
1660	3832
16603	7510
16612	6903
16633	14605
16636	1557
16639	2770
16642	20643
16645	30705
16651	25
16654	14188
16657	111
1666	266
16675	76
16678	38
16681	11512
16687	2630
1669	54663
16690	29661
16693	3130
16708	316
16711	304
16717	36390
1672	671
16720	11802
16729	5129
16732	241
16735	11806
16738	9993
16741	32455
16744	45875
16747	2825
16759	114802
16765	90
16777	11385
1678	16937
16783	13462
16786	89
16795	27
16798	2789
16801	3530
16807	3654
1681	7066
16810	565
16813	424
16816	107
16819	19578
16822	25539
16825	8622
16828	10244
16831	1037
1684	9020
16840	1791
16849	34367
16855	184
16861	85154
16864	126
16867	585
16870	4046
16873	49933
16876	13614
16879	1502
16891	484
16894	304
16897	21498
169	704
1690	34170
16900	14076
16906	597
16909	4248
16921	10277
16924	27070
1693	31865
16930	989
16933	18544
16939	15288
16945	17967
16948	101032
16951	19418
16954	10388
16957	32632
16960	28551
16963	14412
16966	80
16969	163
16972	22634
16978	10620
16981	78569
16987	10297
1699	7870
16993	20772
16999	31607
17002	17867
17005	73839
17008	161
17017	5401
1702	294
17023	2236
17029	64
17035	13005
17041	16872
17047	24293
1705	29951
17059	3235
17062	17966
17068	187
1708	17930
17080	2155
17083	936
17095	22882
17098	19646
17101	2407
17107	3991
1711	5393
17113	31366
17116	31157
17125	12899
17131	2110
17137	941
1714	23646
17140	36428
17143	5878
17149	19
17152	354
17155	23352
17158	5756
17161	7953
1717	1306
17173	24646
17176	360
17179	17947
172	505
17200	24765
17203	15216
17206	51373
17212	18563
17221	5251
17224	90
1723	43202
17233	22925
17239	394
17242	43558
17245	560
17254	1136
1726	597
17260	19513
17263	22937
17272	10217
17275	233
17278	29518
17281	8110
1729	20473
17290	57
17293	10131
17296	6260
17299	3647
17302	23814
17308	9445
17314	134
17323	19
17326	6333
17338	3193
17341	7908
17344	1223
17347	19036
1735	22633
17353	469
17359	23082
17362	94
17365	710
17371	82
17386	7529
17398	2423
17401	772
1741	28809
17410	20960
17413	1429
17416	15286
17419	51022
17428	32741
17431	24838
17434	167
1744	25100
17440	975
17443	251
17446	13749
17449	49
17458	2046
17461	21690
17464	34144
1747	17559
17470	154
17476	9441
17485	17976
17494	106203
17497	2676
175	1148
17500	9308
17503	39103
17506	51000
17509	751
17515	240
17521	172
17527	78
1753	47933
17530	22073
17539	185
17548	33195
17554	27584
17557	46230
17563	1315
17566	583
17578	13692
17581	1039
17584	18927
17587	21464
1759	56802
17590	34322
17593	265
17596	79886
17599	4462
17602	25142
17605	3767
17608	55232
17611	51
17614	3351
1762	3040
17623	587
17626	1081
17629	40309
17635	9566
17653	10600
17656	981
17659	17524
17662	376
17665	1759
17668	14160
17671	5734
17674	20519
17677	37384
17680	69
17686	8188
17692	15042
17695	2277
17698	3503
17704	66
17707	64
1771	3936
17713	8263
17716	8172
17725	11352
1774	20897
17740	10827
17743	13546
17749	699
17758	18590
17761	50
17764	1194
17767	853
1777	8004
17773	151
17776	4226
17779	8773
17782	6574
17794	77
17797	10426
1780	5889
17800	24107
17812	188
17815	5305
17824	52351
17827	327
1783	195
17836	38239
17842	12455
17848	647
17851	181
1786	10436
17860	81
17869	1933
17875	12325
17884	271
17887	681
1789	35902
17893	7069
17896	28232
17899	6028
17905	4538
17911	25864
17914	47567
17917	99858
1792	14345
17920	3751
17923	2300
17926	32
17938	58
17947	5536
1795	3420
17950	156
17953	24632
17962	632
17968	19745
17971	18286
17974	28014
17977	25359
1798	31109
17986	18845
17989	37661
17992	3624
17995	8683
18004	27377
18007	5462
18010	5297
18013	6234
18016	3528
18022	126
18031	2285
1804	24878
18049	27456
18052	5683
18055	1086
18061	51759
18064	1751
18067	38692
1807	34
18073	3306
18079	515
18082	14467
18085	22
18088	18959
18094	1489
18097	14721
181	3090
1810	47675
18103	30662
18106	16619
18109	16501
18112	54
18115	1670
18121	16573
18124	153
1813	16975
18133	8288
18139	78
18142	8789
18145	12692
18151	4813
1816	296
18163	18148
18166	2208
18169	1075
18172	5423
18175	12271
18181	3058
18184	4895
1819	25158
18190	1615
18196	2758
18199	72
18211	22359
18217	96067
18223	15283
18226	163
18229	39
18232	10136
18235	7461
18238	9174
18244	54916
18247	48362
1825	12154
18250	25245
18256	11022
18259	56
18271	982
18277	9850
1828	7243
18280	40503
18283	13512
18289	19461
18301	34951
18304	59
18307	232
1831	15647
18313	2795
18316	63651
18319	542
18322	32
18328	8524
18334	4648
18337	859
1834	159
18340	49147
18343	16628
18346	2152
18352	300
18358	3001
18364	3106
18367	18473
1837	29499
18370	29711
18376	10878
18385	29459
18394	19456
18397	4802
184	24825
1840	236
18403	2500
18406	4268
18412	15995
18424	1555
1843	88
18430	37
18436	62906
18439	23844
18445	305
18451	238
18457	2681
1846	39662
18460	3278
18466	16760
18472	69
18475	12901
18478	40754
18484	11064
18487	12200
1849	24123
18490	148
18496	9017
18502	41180
18508	37952
18511	147
18514	263
18529	137170
18532	113
18535	82364
18538	13316
18541	19897
18544	8660
18547	626
18550	224
18553	16299
18556	30
18559	17417
18565	6022
18571	5244
18574	769
18577	509
18583	2590
18586	216
18592	4865
18598	18246
18604	16703
1861	882
18610	14936
18616	7091
18619	26330
18622	117
18625	20652
18628	8790
18634	1434
18637	5965
1864	37064
18643	1662
18646	1711
18652	2692
18658	83
18661	33385
1867	285
18673	975
18676	51268
18679	663
18682	298
18685	1436
18691	778
18694	23906
18697	826
187	68089
1870	2681
18700	6118
18703	236
18715	5980
18721	1783
18727	518
1873	7272
18730	1062
18733	25918
18742	19427
18748	1847
18763	3133
18775	27143
18778	3337
18784	34307
1879	6343
18790	14878
18796	46239
18799	2283
18811	213
1882	45739
18820	765
18826	16146
18835	49259
18838	308
18844	10023
18856	5461
18859	250
18862	9270
18865	63
18868	20633
18874	13770
18877	351
1888	71282
18880	57828
18883	13367
18889	58
18892	3371
18898	42784
18901	18302
18904	10011
1891	50110
18910	36544
18913	36978
18916	60787
18925	24963
18934	27872
18937	64
1894	54311
18940	2082
18955	22035
18958	32667
18961	9725
18964	787
18967	46
1897	25
18970	445
18973	32193
18979	683
18982	213
18991	10701
18994	346
18997	1240
19	9031
19003	3849
19006	27097
19009	38125
19018	5301
19021	9449
1903	19131
19030	25723
19033	8300
19036	30577
19039	6201
19054	173
19057	86
1906	958
19060	914
19063	380
19069	31203
19072	638
19075	17773
19081	21956
19084	5739
19087	2766
19102	4822
19111	13286
19114	4910
19117	2235
1912	57202
19123	9396
19126	12808
19129	10840
19132	38231
19135	10657
19147	229
19156	21215
19162	18952
19165	61913
19168	137
19171	12
19174	11442
19177	1193
19180	76796
19186	2434
19192	108
19195	61672
19198	465
19201	116
19204	16670
19213	499
19222	10362
19228	546
19231	4174
19237	2544
19240	1615
19243	23621
19246	11016
19249	18974
19267	38965
1927	143
19270	402
19276	9445
19282	20722
19285	726
19291	19389
1930	30746
19300	148
19306	11661
19309	37238
19312	8683
19315	1602
19318	25100
19324	13133
1933	7917
19330	6281
19333	169
19336	32418
19354	62
1936	47797
19363	124
19366	8328
19369	223
19372	12029
19378	3706
19381	15533
1939	54091
19390	9706
19393	7981
19402	12578
19405	47
19408	472
19411	7470
19417	8830
1942	13067
19420	7434
19423	13715
19426	23325
19429	16096
19432	69157
19438	737
19447	59372
1945	12420
19453	4570
19456	16088
19459	3102
19462	98
19468	23132
19471	25246
19477	14759
1948	12191
19498	38622
19507	9854
1951	32330
19519	6718
19525	42
19531	23062
19534	12210
1954	1584
19540	2756
19546	10243
19549	6208
19552	125
19555	2377
19558	183
19561	20086
19564	425
19567	36551
1957	74124
19570	93
19579	574
19582	298
19594	9689
19597	24589
196	439
1960	5177
19600	63
19603	747
19609	12371
19612	38251
19615	1728
19618	15755
1963	11664
19633	11767
19636	54786
19642	387
19648	79
19654	29718
19657	14495
1966	42058
19660	31646
19663	11612
19669	2807
19672	74681
19675	32952
19678	6531
19681	107
1969	20224
19690	21210
19693	25695
19702	222
19708	379
19714	6151
19717	345
1972	2202
19720	8308
19723	442
19738	30022
19741	652
19744	53
1975	22281
19750	6888
19753	19256
19765	5304
19768	479
19771	8853
19786	274
19789	12410
19792	21881
19795	1670
19798	28095
19804	321
1981	11177
19813	13093
19819	20483
19822	6168
19825	26623
19834	1467
19837	24318
1984	5007
19840	615
19852	44875
19855	22979
19858	16849
19867	1495
1987	30610
19870	852
19873	37
19888	7240
199	81819
1990	8514
19903	6709
19912	1869
19915	62
19918	15004
19924	545
19927	27824
1993	28218
19933	13235
19942	547
19948	10959
19951	43
19954	4855
19957	5316
19972	12302
19975	62
19978	6113
19984	19980
1999	13272
19993	103
19999	19005
20002	26283
20011	8496
20014	503
2002	523
20020	11775
20023	28819
20026	1462
20032	8203
20035	5001
20044	7332
20047	23654
20053	11590
20056	8031
20065	1868
20074	5179
2008	69
20083	8583
20086	22918
20089	244
20104	10136
20107	15692
2011	1735
20113	1112
20116	56288
20119	10762
20122	190
20128	23668
20134	86612
2014	20856
20143	34883
20146	17574
20149	17437
20152	1806
20155	34530
20164	35437
2017	17303
20170	3732
20176	12238
20179	54555
20182	1350
20185	50863
20197	35673
2020	14814
20200	6625
20203	12760
20209	13384
20212	92866
20215	14092
20224	1593
20227	48102
2023	5825
20239	31668
20251	28
20254	39647
20272	15070
20275	28238
20278	24553
20284	10219
20287	200
2029	9306
20293	11615
20299	84
20314	9766
20317	20575
20320	21150
20323	13588
20329	12410
20335	19791
20338	705
20341	24065
20344	4751
20350	1007
20356	5969
20362	6029
20365	116
20368	10748
20371	16133
20374	54920
2038	40714
20380	45
20383	6138
20386	1206
20392	13647
20395	1420
20398	14009
20401	7271
20404	7645
20407	1203
2041	14586
20431	18020
20434	693
2044	90426
20440	39264
20443	3766
20449	17761
20452	240
20458	54
20461	3573
20464	872
20467	6127
2047	4945
20476	1118
20479	8697
20494	436
20497	542
205	9037
20500	61
20503	993
20506	31526
20512	545
20515	2087
20518	291
2053	457
20530	3722
20536	13001
20539	338
20542	3957
20545	318
20548	11448
20554	3237
2056	18198
20566	256
20569	28021
20575	14473
20578	4642
20581	28660
20584	50259
20587	3456
20593	16810
20596	1844
20599	317
20602	766
20611	40351
20617	35039
2062	10713
20620	3826
20623	856
20629	37699
20635	939
20644	350
20647	22959
2065	307
20650	9397
20653	151
20656	14505
20668	50086
20674	34244
2068	11651
20680	3756
20689	5660
20692	4488
20707	52555
20710	128
20713	1424
20719	4645
20722	42
20725	880
20728	10773
20731	7903
20734	432
20740	44753
20743	423
20749	23
20752	16497
20755	47049
20758	25848
20761	46245
20764	2124
20767	15812
2077	34004
20773	3057
20776	4777
20782	30671
20785	4065
20788	2349
20794	332
20797	2408
208	46
20800	183
20806	17866
20809	4956
20824	5694
20830	5262
20833	5251
20836	204
20842	3025
20845	22979
20848	47409
20851	147
2086	22592
20860	2503
20869	28819
20878	9391
20890	2807
20893	385
20902	3538
20908	9596
20911	15496
20914	16060
20917	431
2092	2573
20920	20643
20923	17593
20932	2802
20947	22929
2095	71936
20965	74
20968	16177
2098	27419
20980	310
20983	5403
20986	14643
20989	62240
20992	34
20998	3672
21001	17244
21007	7596
2101	1382
21010	45417
21013	6380
21019	5095
21040	141
21043	1182
21046	1081
21049	1628
21052	1902
21058	28061
21067	2323
2107	1464
21070	203
21079	20081
21082	846
21085	25547
21088	241
21091	1178
21097	19183
211	6808
21100	297
21103	11606
21106	32423
21109	56679
21112	96
21115	8507
21118	464
21124	47456
2113	19925
21130	1711
21139	23005
21145	32923
21148	36765
21154	2330
2116	50242
21163	2692
21166	21736
21172	6903
21175	191
21178	16413
21181	1862
21184	24786
21187	336
2119	38297
21190	2552
21193	48
21196	18937
21202	68
21205	30219
21208	28725
21211	2176
21214	23541
21217	282
21223	32067
21226	1156
21229	17648
21232	301
21235	30271
21241	16921
21244	11827
21247	2646
2125	7607
21250	50067
21256	295
21271	7218
21274	394
2128	18892
21280	18921
21283	23952
21286	18728
21289	16442
21292	49496
21304	1595
21307	650
2131	14854
21310	9771
21313	55
21316	2363
21319	9084
21322	20896
21328	12860
2134	2785
21343	27788
21346	35377
21352	385
21355	10694
21358	20322
21361	9047
21367	255
21373	24497
21376	398
21379	29248
21382	1832
21385	32789
21391	295
21397	45235
214	1073
2140	3137
21409	20336
21415	5474
21421	1391
21424	30
2143	15377
21433	15661
21439	161
21442	16819
21445	38388
21451	3619
21454	1064
2146	1367
21460	4960
21463	36852
21466	361
21469	11095
21472	34769
21484	6598
21490	28435
21496	7116
21499	804
21517	24531
2152	1665
21520	400
21526	361
21535	8662
21541	2174
2155	1092
21550	15835
21556	55525
21559	3619
21562	3522
21574	20720
21577	2966
2158	10799
21580	316
21583	22487
21586	496
21589	29768
21598	140
21601	21922
21604	368
2161	15716
21610	4608
21613	189
21619	9329
21622	4156
21628	104791
21631	22864
21634	421
21640	6774
21643	247
21649	860
21652	4056
21655	42857
21658	58230
21667	23896
21670	182
21679	17414
21682	2300
21685	25775
21688	15010
21697	6903
217	22129
2170	24000
21703	127
21712	4535
21715	2607
21721	12967
21724	35181
21727	17571
2173	20136
21730	135
21733	14861
21742	27816
21745	65775
21748	707
21751	371
2176	7548
21760	1675
21772	84323
21778	15320
21784	85048
2179	4098
21790	1902
21796	33739
21799	17566
21802	12079
21808	47639
21814	203
2182	4562
21826	10973
21841	28885
2185	22210
21850	18307
21862	153
21868	7231
21871	5390
21874	14317
21877	13617
2188	35496
21880	49124
21883	296
21886	978
21892	544
21895	68
21898	32470
21907	22031
2191	43495
21910	32234
21913	242
21916	1260
21922	30854
21925	18162
21928	16051
21931	10720
2194	7376
21940	7306
21949	12570
21952	15852
21958	6365
21961	69767
21967	318
21970	13271
21973	24585
21982	6949
21991	761
21994	8228
22	17985
220	17771
2200	568
22000	18294
22003	23288
22021	189
22024	4365
22027	34060
22030	1856
22042	412
22051	8272
22054	14617
22057	1793
22063	17623
22066	31100
22069	5627
22078	767
22081	2523
22084	19047
2209	341
22093	5330
22102	196
22105	10170
22108	10281
22111	27799
22114	5191
2212	13009
22120	1941
22126	21017
22135	197
22141	33398
2215	17468
22156	21163
22162	12428
2218	25901
22195	13977
22198	53001
22201	1488
22204	57876
22207	14685
2221	134
22210	651
22216	963
22222	552
22225	3370
22231	135
22234	8440
22237	5606
2224	15340
22243	96
22246	57153
22249	14462
22252	14260
22255	23691
22264	22209
2227	38898
22270	60
22282	22078
22285	22269
22288	8399
22291	1554
22294	27628
22297	7059
223	14656
22303	31396
22306	15
22312	1960
22315	190
22318	9011
22321	3942
2233	3712
22333	1416
22336	1820
22339	8968
22345	1559
22348	60
22351	3810
22357	8430
2236	12106
22360	13453
22366	222
22372	2213
22375	7344
22381	535
22387	9295
22396	17615
22399	30689
22414	125
2242	3779
22420	216
22423	2673
22426	43124
22432	292
22435	95
22441	15209
2245	25365
22450	1442
22459	3588
22465	49772
22471	1994
22477	66
2248	17101
22480	16091
22489	200
22492	910
22495	5578
22498	19690
22504	578
22525	394
22528	236
22531	7523
22534	13999
22537	18917
2254	1097
22540	974
22543	15517
22546	5394
22549	100
22555	14040
22558	2027
22561	3840
2257	356
22570	37969
22573	346
22582	24639
22597	3650
22600	9478
22603	2724
22606	616
22615	1149
22618	62458
22621	11567
2263	1985
22633	204
22636	3774
22645	18253
22648	188
22651	18712
22654	3436
22657	323
22660	13088
22663	14685
22669	97
22672	6133
22675	457
22678	4624
2269	8057
22690	22655
22696	1352
22711	205
22720	24217
22735	57009
22738	3314
22741	49207
22744	20433
2275	440
22756	334
22762	12556
22765	13084
22768	3083
22774	720
22777	1544
2278	35341
22783	41
22786	12522
22789	7807
22798	14200
22804	8167
22807	378
2281	19976
22810	40
22813	4444
22816	239
22819	428
22825	41839
22828	9951
22831	30447
2284	5137
22846	533
22852	207
22855	3030
22858	6712
22864	1231
22870	1413
22882	2471
22885	5081
22894	10373
229	9347
2290	145
22900	32321
22906	2262
22912	7134
22918	697
22921	9730
2293	16645
22930	4285
22933	63308
22936	313
22948	8232
22951	14497
2296	981
22960	8579
22963	52281
22966	1326
22969	45945
22978	38186
22981	4772
2299	12313
22999	71462
23002	2676
23011	11643
23014	342
2302	13811
23020	3432
23023	9442
23029	52239
23035	10676
23038	12056
23041	32153
23044	21549
23047	88279
2305	9884
23056	673
23059	4260
23062	11763
23065	59843
23074	818
23077	44735
2308	29967
23089	19792
23092	4677
23098	5048
23101	1997
23104	2915
23107	2315
2311	64866
23116	525
23119	19667
23122	1402
23131	8917
23134	33556
23137	98
2314	1299
23146	12941
23149	112
23155	1052
23158	539
23161	6488
23164	26
23167	42374
2317	9209
23179	4763
23188	8061
23191	26708
23194	3928
23197	319
2320	3722
23200	2076
23203	29075
23206	29937
23221	1347
23224	18774
2323	20972
23233	2648
23236	24
23239	125
23245	55
23248	126
2326	582
23260	10028
23281	21247
23284	1276
2329	20066
23299	41810
23302	3915
23308	29497
23311	6130
2332	174
23320	81
23323	14663
23329	21482
23341	32796
2335	13601
23350	3394
23353	21439
23356	34818
23359	54551
23362	2562
23365	65
23371	8289
23374	19473
23377	248
23380	634
23386	228
23392	924
23395	43251
23398	42344
23401	7800
23404	3876
2341	27032
23413	5783
23416	22881
23419	27755
23434	22880
23437	36443
2344	28753
23443	1866
23446	32265
23449	9745
23452	15211
23458	94
2347	12079
23476	1284
23479	23153
23482	20190
23485	21738
2350	9509
23503	2603
23506	19177
23509	10994
23512	26346
23518	8337
23521	1042
2353	39751
23539	301
23542	37244
23545	859
23554	805
23557	1596
2356	41041
23560	15947
23566	57786
23581	59693
23584	16143
23587	21791
2359	130
23590	29790
23596	22676
23599	24872
23608	44
23614	40730
23617	269
2362	419
23626	2680
23641	5021
23647	21762
2365	371
23650	222
23653	650
23659	3671
23662	19786
23674	7200
2368	15173
23680	6849
23683	4186
23692	26772
23695	26981
23704	5711
23707	276
23716	363
23722	3127
23728	13357
23734	1062
2374	21186
23746	19900
23749	2629
23752	11501
23758	1373
2377	5792
23773	3315
23782	152
23791	20376
238	95
2380	33667
23800	8295
23806	8774
23809	508
23812	67514
23818	282
23821	25487
2383	12215
23830	19950
23839	15408
23842	24040
23848	139
23851	5754
23854	14595
23860	2421
23869	17132
23875	40202
23878	39
23881	79
23887	11422
2389	28664
23896	4150
23899	2889
23902	588
23908	46982
23911	1397
23917	1458
2392	18174
23920	5345
23935	24645
23968	41
23971	12799
23974	96
2398	187
23983	493
23989	97
23992	12009
23995	6756
23998	16446
2401	68
24013	14070
24016	34025
24019	113
24022	30815
24031	15357
24034	4481
24040	122
24043	14629
24049	102
24052	1978
24064	62477
2407	10178
24073	52
24076	14726
24079	244
24085	27697
24088	13101
24094	6195
241	22
2410	41006
24100	8428
24103	216
24112	64
24115	29
24118	94
24121	387
24127	253
24136	3204
24139	33000
24145	18211
24148	9688
24154	298
24157	11685
2416	8357
24163	13284
24175	27374
24181	320
24187	420
2419	14853
24193	15256
24196	1057
24199	2339
24202	14676
24205	4162
24208	7442
24217	12161
2422	1178
24220	35975
24229	96
24232	845
24247	3585
2425	3564
24250	21915
24259	30443
24274	104
24277	14644
2428	7578
24286	209
24292	11328
24295	64489
24298	20727
24304	11018
24307	17341
2431	136
24313	100
24322	17649
24325	3471
24331	17001
2434	284
24340	26974
24343	18137
24346	606
24349	4092
24355	26165
24364	203
24370	323
24373	159
24376	24299
24379	29891
24388	147
24391	2458
2440	5733
24400	701
24409	38
24412	18250
24415	30239
24421	9178
24424	7239
24427	40279
24430	8028
24436	38886
24439	9202
24451	565
24457	51791
2446	77284
24460	1250
24463	24023
24466	32491
24478	1718
24481	1153
24484	24049
24487	13948
2449	39156
24490	14623
24493	5359
24505	6223
24508	6166
24514	7900
24517	1535
2452	11058
24526	22046
24532	8390
24547	4650
2455	13118
24553	9616
24559	39277
24562	33229
24568	13766
24571	14464
24574	5381
24577	182
2458	23372
24586	331
24589	10020
24601	7866
24604	32188
2461	26597
24610	10181
24613	28602
24616	8433
24622	986
24625	12974
24628	2227
24634	882
24637	383
24640	445
24646	11737
24649	16186
24652	523
24661	6246
24667	23525
2467	45066
24679	29092
24682	2624
24691	20519
24697	28071
247	34552
24709	2937
24712	21026
24718	20738
24721	29766
24730	24950
24736	51092
24739	30
24745	839
24748	482
24754	7271
24760	103
24763	25673
24769	11229
24772	42
24775	659
24781	4598
24784	378
2479	646
24790	82
24793	30808
24796	70
24802	16448
24805	447
24808	672
24811	209
24823	3268
24826	564
24832	36105
24835	142
24841	10951
2485	52691
24850	9484
24859	23979
24862	101
24865	525
24868	11842
24871	1816
24874	45331
24877	12290
24880	321
24886	1002
24889	213
24892	399
24901	19012
24904	644
24907	67230
2491	3298
24919	136
24922	8389
24931	10078
2494	2408
24940	2377
24946	30790
24952	97
24958	980
24967	151
2497	412
24976	2888
24979	528
24985	24687
24991	1381
24997	158
25	7409
250	15355
25000	120
25012	17175
25015	11381
25021	28157
25024	7634
25030	1179
25042	378
25045	649
25048	364
25054	6471
25060	13970
25069	167
25072	406
25078	2378
25081	18520
25087	2833
2509	25413
25093	13099
25099	1321
25102	18174
25105	124
25108	33
25117	227
2512	10450
25120	128
25129	3690
25138	24662
25147	22092
2515	3714
25150	18252
25156	3007
25162	45
25165	16377
25168	246
25174	48018
25177	4160
2518	14398
25183	8915
25186	59635
2521	103398
25210	9670
25216	14459
25222	8426
25225	38794
25240	6965
25246	6268
25249	59
25258	4341
25261	10310
25264	225
25267	11164
25270	11431
25273	117
25276	11501
25279	1887
25288	80646
253	80583
25303	11684
25306	21152
25321	23286
2533	14005
25330	13445
25333	24081
25336	29064
25348	21964
25357	418
2536	15895
25366	1560
25372	21752
25378	1195
25387	16369
25399	3313
25402	865
25405	11952
25408	294
25414	1101
25417	13033
2542	1998
25423	17578
25432	8405
25435	494
25438	4173
25441	4640
2545	25
25453	40
25459	3417
25462	311
25468	14160
25471	7835
25477	36043
25483	8620
25489	6952
25498	22226
25504	5769
25507	31366
2551	224
25516	3133
25519	37823
25522	668
25534	2062
2554	7507
25543	16295
25546	1049
25552	10402
25558	2455
25561	8613
25567	19029
2557	792
25570	118
25576	2246
25597	29156
256	14837
2560	30631
25600	88071
25603	19893
25609	49073
25612	28804
25624	14032
25627	290
2563	49567
25636	58780
25645	314
2566	2574
25672	57466
25675	11202
25684	3809
25687	25122
2569	66545
25702	10341
25708	10883
25711	27322
2572	48
25726	7526
25729	5499
25741	1970
25744	87
25750	35101
25753	23882
25756	2486
25762	3811
25768	5047
25777	31990
2578	21172
25780	9893
25783	6469
25789	1660
25798	6793
25804	6518
25810	5437
25813	10822
25828	878
25831	2313
25834	515
2584	6926
25852	12716
25855	6755
25858	20966
25861	740
2587	13811
25876	11372
25885	1564
259	2985
2593	1587
2596	157
2599	22290
2605	9372
2608	79
2614	7679
2617	642
2620	28474
2623	32806
2626	8374
2632	7010
2641	634
2644	14420
265	28813
2653	1161
2656	8628
2659	965
2665	8623
2668	33312
2671	180
2674	14282
268	2820
2680	4434
2683	839
2689	38649
2695	1871
2698	46759
2701	9647
2704	8679
2707	18213
271	31495
2710	878
2713	183976
2719	15357
2722	30000
2725	41858
2728	11914
2731	15952
2734	69502
274	36792
2740	18547
2746	23186
2749	13999
2752	43394
2755	100762
2758	18201
2761	3563
2764	8862
2767	21523
2770	459
2773	1971
2779	39478
2782	51059
2788	14596
2797	20988
28	13583
280	118682
2800	283
2809	3773
2812	170
2815	19402
2818	7467
2821	18833
2824	211
2827	24087
283	37077
2830	60
2833	31157
2836	3076
2842	25181
2845	20171
2848	5771
2857	5737
286	23226
2860	4072
2866	2419
2869	539
2872	553
2875	29986
2884	31509
289	15827
2890	12543
2893	7157
2896	193
2899	20378
2902	32
2905	8840
2908	388
2911	5932
2917	11547
292	42530
2920	3850
2923	58883
2929	6574
2932	23302
2935	13469
2938	2704
2941	1088
2944	4462
2947	3833
2950	17467
2953	25187
2956	20663
2959	81
2962	373
2965	87169
2971	13968
2974	38738
2977	6403
298	26054
2980	1916
2983	47445
2986	2197
2989	675
2992	364
2998	29
3001	28185
3007	424
301	23833
3010	7039
3013	44105
3016	4052
3019	27283
3022	32827
3025	64965
3028	25562
3031	24624
3037	615
3040	16105
3043	7119
3046	24716
3049	4519
3052	84007
3055	200
3058	24370
3061	8492
3064	1615
3067	116
307	30345
3070	37371
3073	4352
3076	6568
3079	117417
3085	7236
3091	312
3094	25892
3097	14130
31	13382
310	64180
3100	21203
3103	1544
3106	10663
3109	319
3112	255
3115	26307
3118	13006
3121	61
3124	304
3127	467
313	13141
3130	652
3133	105
3136	25488
3139	15251
3142	68363
3145	23042
3148	13151
3151	145
3154	959
3157	646
316	2870
3160	82595
3166	26141
3169	25649
3175	6913
3178	16299
3184	567
319	16182
3190	4385
3193	32864
3196	88
3199	16978
3202	17013
3208	27728
3211	25486
3214	15452
322	45
3223	109
3226	3727
3229	152
3232	13226
3235	387
3238	50761
3241	18769
3244	1886
3247	38525
325	35435
3253	25268
3256	22339
3259	69199
3262	1675
3265	798
3268	364
3271	9538
3277	98
328	1286
3283	6757
3289	11040
3298	19330
3304	9302
3307	295
3310	23
3316	1383
3319	9909
3322	5468
3325	11994
3331	365
3334	884
3337	18817
334	6364
3340	166445
3343	1401
3355	8189
3358	10419
3361	28832
3364	21049
337	5539
3370	42501
3376	23161
3379	3388
3385	42
3391	26611
3394	3345
34	3687
340	18659
3406	26326
3412	598
3421	8019
3427	1465
343	6985
3430	853
3433	58147
3436	4849
3439	20732
3442	1649
3445	6749
3451	1112
3454	8036
3457	14446
346	2188
3460	6776
3463	26174
3466	4984
3469	21344
3472	5810
3478	48937
3481	4807
3484	3686
3487	7378
3490	10865
3496	61765
3502	102
3505	17858
3508	5853
3514	4724
3517	25598
352	35792
3523	2289
3526	727
3529	4520
355	47746
3553	3203
3556	16455
3559	10087
3562	36719
3568	137
3571	650
3574	42490
3577	3343
358	4190
3589	7810
3592	20772
3595	44396
3601	56
3607	21401
361	34330
3610	11016
3613	25
3619	20795
3622	17827
3625	13131
3634	16771
3637	19494
3643	12696
3646	10357
3652	12825
3661	14438
3664	3380
3667	35839
367	1452
3673	8689
3679	30385
3685	17371
3688	42453
3694	5943
370	1212
3700	937
3703	19
3706	13094
3709	34
3715	10478
3718	284
3721	44015
3724	79
3727	43
373	173
3730	23385
3733	37280
3736	12840
3742	18065
3745	25791
3751	6163
3754	4615
3757	25554
3760	74423
3763	11466
3766	162
3772	5857
3778	43528
3787	18529
379	966
3793	57692
3796	59730
3799	315
3811	10512
3817	10306
382	5796
3820	1763
3829	13459
3832	14880
3835	8981
3838	15004
3841	26138
3847	5460
385	2677
3850	32230
3856	19595
3859	64078
3862	34623
3865	28942
3871	9526
3874	21190
388	23157
3883	9425
3886	44517
3889	68503
3892	8634
3895	11206
3898	19663
3901	18349
3907	19711
3910	64
3913	52008
3916	5967
3919	45735
3925	14618
3928	30422
3931	27903
3934	9026
3937	32756
394	37224
3943	27329
3949	20226
3955	5673
3958	41
3964	4086
3967	7396
397	546
3970	24613
3973	11088
3976	167
3982	10132
3985	160
3988	4141
3991	5515
3997	28949
4	5077
40	25143
400	5555
4000	14087
4009	293
4012	9057
4015	15835
4018	114
4021	51932
4024	90
403	46536
4033	16599
4042	20596
4048	24054
4054	23150
4057	10555
4060	6927
4063	23038
4066	67
4069	122
4072	16209
4078	71
4081	21953
4084	17731
4087	15192
4093	2062
4096	733
4099	2039
4102	109
4105	4849
4108	3070
4111	31489
4117	65
412	22353
4120	17587
4123	93
4126	37874
4129	21754
4132	23716
4135	179
4138	8730
4141	142
4144	30113
415	22555
4150	2004
4153	713
4156	631
4162	36623
4165	127
4168	11224
4171	26937
418	26966
4180	107
4186	3970
4189	43605
4192	125
4195	7299
4198	1306
4204	31558
4207	56
421	353
4219	19513
4225	85187
4228	16085
4231	12606
4237	38732
424	82
4240	11213
4246	65229
4252	48948
4255	35815
4258	1385
4270	467
4276	379
4282	38350
4288	67496
4291	1277
4294	41459
4297	13560
43	66121
430	10949
4300	21235
4303	25375
4309	55733
4312	10993
4315	4352
4318	26319
4321	17386
4327	36421
433	3327
4333	2818
4336	37437
4339	77429
4342	51247
4345	1642
4348	67730
4351	26332
4354	11311
4357	126
436	1986
4366	456
4369	9109
4372	21340
4375	12497
4378	44665
4387	237
4393	10541
4396	154
4399	6177
4405	441
4408	10312
4411	357
442	16118
4420	31106
4429	29190
4432	486
4435	19071
4438	36192
4441	16675
4444	17004
445	1386
4453	27985
4456	29201
4459	64981
4465	4972
4468	23878
4471	237
4474	41454
4477	4057
448	51
4480	15709
4483	127
4492	39482
4495	10005
4498	15780
4501	22781
4504	36387
451	8996
4510	524
4519	41
4522	1258
4525	59
4528	26633
4531	6883
4534	10379
4537	25972
454	15582
4540	8823
4546	19845
4549	12919
4552	44896
4555	10199
4558	19
4561	2072
457	29297
4570	33865
4573	27482
4576	15082
4579	67009
4582	34150
4585	18931
4594	139
46	108
460	12242
4600	21739
4603	25128
4609	6932
4612	22490
4621	52833
4624	31507
4627	20850
463	6813
4630	40758
4636	41486
4642	2069
4645	132
4654	9953
4663	24799
4666	776
4672	15497
4675	489
4681	1246
4684	82
4687	447
4690	5199
4693	32274
4696	29395
4699	7141
4702	8304
4708	526
4711	25727
4717	14042
472	21842
4720	9004
4732	104
4735	330
4741	71
4744	2310
4747	8930
475	6157
4750	77056
4753	2481
4768	6344
4774	26
4777	3025
478	30560
4780	55986
4783	7066
4786	34298
4789	23996
4798	4779
4804	5235
4807	230
481	157
4810	43919
4813	2280
4816	4717
4825	2580
4831	182
4834	16401
484	78893
4840	6391
4846	578
4852	44562
4855	246
4858	12016
4861	9827
4864	22602
4867	16266
487	79
4870	11412
4873	2281
4876	820
4879	12221
4882	275
4888	8674
4897	13152
49	442
490	5858
4900	74024
4903	25970
4906	291
4909	1165
4915	46971
4918	21852
4921	5353
4924	70378
4927	2875
493	12474
4933	55325
4939	72198
4945	1218
4951	12100
4954	10136
496	88
4960	37946
4963	946
4966	5685
4969	98164
4972	15144
4975	1469
4978	1588
4981	2105
4984	613
4987	35232
4990	600
4993	8537
4999	718
5002	24428
5008	10630
5011	947
5014	76667
502	14251
5020	29579
5023	44419
5026	78098
5035	28181
5041	65419
5044	28075
505	53652
5050	50631
5053	190
5056	24131
5059	37701
5068	18509
5071	70300
5077	26577
5083	12531
5086	923
5092	479
5095	12676
5098	22803
5101	25049
5104	19239
5107	4875
511	95
5110	34593
5113	8195
5116	17047
5119	49134
5122	133
5125	95
5131	16903
5134	6559
5137	40437
514	1081
5143	91254
5146	365
5149	11248
5152	276
5155	246
5161	438
5164	25950
5167	2258
517	16591
5170	9590
5173	40436
5176	54517
5182	4421
5185	24665
5188	10262
5191	898
5194	116
5197	210
520	10171
5200	31902
5203	2891
5212	9599
5215	18017
5218	5150
523	1314
5230	414
5233	7766
5236	23631
5239	9598
5242	1897
5245	7300
5248	5347
5257	26594
526	20897
5260	48546
5263	22230
5269	10737
5278	15145
5284	18932
5287	14694
5296	12714
5299	1259
5302	1866
5305	16082
5308	208
5311	7631
5314	81138
5317	44
532	15493
5323	8061
5326	19922
5329	9852
5332	13641
5335	592
5338	63896
5344	52
535	26
5353	1883
5356	12040
5359	37601
5365	60838
5368	26691
5374	105
538	9118
5380	14528
5383	81
5386	19963
5389	35540
5392	52221
5398	16240
5404	18456
5407	13668
541	52229
5410	17876
5413	20218
5425	10876
5431	16022
5434	15766
5437	1590
544	15584
5440	16501
5443	133
5446	14373
5452	42005
5458	6288
5461	2550
5464	57
5467	50412
547	28465
5473	215
5476	23396
5479	9204
5485	3071
5488	2587
5491	23683
5494	2639
5497	31898
55	784
5500	329
5503	573
5506	341
5512	16976
5521	15235
5524	25184
5527	1820
553	259
5530	5197
5536	41464
5539	45592
5542	2894
5545	79
5548	27809
5554	18196
5557	25157
556	5357
5563	64874
5569	368
5572	45687
5581	3114
5587	10227
559	5816
5590	97
5599	40617
5602	3386
5608	1994
5611	11613
562	18689
5620	1873
5623	2902
5626	10071
5629	9160
5632	3398
5635	34903
5641	19901
5644	23171
5647	3957
5656	13540
5659	5073
5662	66906
5668	54040
5671	36001
5674	3293
5677	2689
568	5292
5680	3549
5686	22306
5689	15017
5692	15058
5695	23825
5698	9475
5701	28361
5704	84
5707	26613
571	63
5713	8669
5716	12191
5719	43
5725	1102
5728	37547
5731	790
574	299
5743	185
5746	34637
5749	22408
5755	25441
5758	40905
5761	141
5767	37451
5770	9587
5773	1167
5776	3717
5779	9980
5782	569
5785	10924
5788	137
5791	7450
5797	79132
58	5009
580	20561
5803	27803
5806	1074
5812	18291
5815	15257
5818	3096
5821	620
5824	15400
583	1406
5830	21991
5836	929
5839	7387
5848	84371
5857	21885
586	71
5860	310
5863	8278
5866	5817
5869	33833
5878	9756
5881	108
5884	36611
5887	32
589	26445
5893	5506
5899	42614
5902	29671
5905	14161
5911	31351
592	50286
5920	4331
5929	28099
5932	1029
5935	17476
5938	1688
5941	50463
5944	6305
5947	17070
595	665
5956	12773
5959	6686
5962	29057
5965	9695
5968	5923
5971	8642
5974	8261
5977	15428
598	19440
5980	185
5983	205
5986	21941
5989	327
5992	40171
5995	51
6001	14604
6004	3052
6007	15463
601	21528
6010	50379
6013	5035
6019	43592
6022	31191
6025	336
6028	348
6031	8123
6034	67976
6037	95809
6040	31941
6043	31023
6052	585
6058	160
6061	9781
607	21554
6070	37925
6073	12257
6076	1789
6079	178
6082	42
6085	10739
6088	9093
6094	17544
6097	486
61	62
6103	29120
6109	97
6112	6924
6115	25583
6118	19672
6121	16061
6124	3251
613	24001
6133	125
6136	9382
6145	18745
6151	41508
6154	730
6157	26526
616	56858
6160	17430
6169	156
6178	903
6181	20769
6187	13917
619	3589
6190	1930
6196	25622
6199	14210
6202	2219
6208	8910
6214	24742
6217	57221
622	91
6223	9660
6226	11098
6229	76
6241	60390
6244	33420
625	36144
6253	15708
6256	11489
6259	7775
6262	2813
6274	80
6277	45023
628	126
6280	9006
6289	60
6295	25145
6298	107
6301	5702
6304	2097
6307	30734
6313	80571
6316	16031
6331	13196
6334	3075
6337	32566
634	329
6340	33
6346	22419
6349	3643
6355	19963
6358	4383
6364	1701
6367	9499
6373	12121
6382	3056
6388	27
6394	1196
6397	40
640	38
6400	109
6403	354
6406	5771
6409	3753
6415	23468
6418	21048
6421	17578
6424	25677
6427	10024
643	13351
6433	1266
6436	3371
6448	34216
6451	1078
6454	89136
6457	20742
646	33756
6460	1802
6463	3157
6466	273
6469	31628
6472	10388
6481	21199
6484	30574
649	4123
6493	15625
6496	29433
6505	29183
6508	22633
6511	17445
6514	63962
6520	26928
6523	1123
6526	2622
6532	18303
6535	58871
6541	33502
655	22034
6550	608
6553	29578
6556	22059
6559	56421
6562	7581
6565	2400
6568	72
6571	21937
6574	5201
6577	14866
6589	37208
6592	9718
6601	10027
6604	37741
661	8046
6610	6497
6616	13482
6619	44
6628	191
6631	9669
6634	14429
6637	46416
664	75
6640	24746
6643	346
6646	34386
6649	3767
6652	1908
6655	8372
6661	30202
6664	7391
6667	6831
667	95395
6673	25697
6676	394
6679	20683
6685	44047
67	9598
670	12755
6700	31343
6706	18569
6709	7134
6715	6589
6718	346
6724	240
6730	14913
6733	32235
6742	691
6745	7395
6748	33508
6751	3852
6757	15761
6760	5057
6763	14639
6769	62286
6772	4187
6784	4382
679	2400
6790	44
6799	7181
6802	41324
6808	1209
6814	126
682	3439
6820	17051
6823	841
6826	522
6829	503
6838	7864
6841	28427
6844	85794
685	12538
6853	78
6859	252
6862	30637
6865	350
6868	18117
6871	1315
6877	12939
688	961
6883	11619
6886	72831
6892	4315
6898	28083
6901	18773
6904	47555
6907	12928
691	34300
6913	12104
6916	7095
6922	26615
6928	28134
6934	108
694	1295
6940	5654
6943	6935
6946	19889
6949	78
6952	64624
6961	994
6967	102
697	11268
6976	42923
6979	877
6982	34201
6985	24118
6988	8714
6991	20657
6997	842
7	1024
70	197
700	36821
7003	35069
7006	26724
7009	6643
7012	6536
7015	20617
7018	56603
7021	3766
7024	15949
703	22452
7030	8246
7033	44
7036	40201
7039	1766
7042	10113
7045	47180
7051	15270
7054	44
7057	32013
706	11944
7060	195
7063	34892
7066	79047
7072	8975
7081	7603
7084	31105
709	38
7093	5344
7096	2207
7099	16473
7102	35
7105	23356
7117	12814
712	5560
7120	54655
7126	13401
7129	35286
7138	94
7141	41522
7144	65360
7147	666
715	5407
7150	7729
7156	38357
7159	40316
7165	27016
7174	7051
7177	338
718	25449
7180	24491
7183	1957
7186	25357
7192	28163
7195	7004
7198	152
7204	36215
7207	133
721	16529
7210	191
7213	7803
7219	22074
7222	110
7225	49249
7234	67852
7237	3643
7240	5901
7243	69032
7255	5998
7258	571
7267	11145
727	14006
7270	50351
7273	12086
7279	874
7282	6501
7285	9577
7288	4816
7294	143
73	2161
730	1407
7303	5692
7306	7389
7309	13396
7312	2695
7315	33943
7318	1313
7321	106
7324	146
733	25590
7330	5999
7339	66
7342	4161
7345	11474
7348	37066
7351	3201
7354	5685
736	7863
7360	687
7363	15458
7372	28036
7375	26
7378	37160
7381	988
7387	38950
739	76455
7390	12619
7393	31895
7396	7362
7399	37878
7402	68493
7405	19230
7414	25486
742	80440
7423	40187
7426	227
7429	512
7432	28395
7435	38326
7438	6449
7441	3770
7444	5884
7447	12080
745	6999
7450	24336
7453	24565
7456	12358
7459	41303
7462	69457
7465	20011
7474	64
7477	77068
748	9431
7489	6189
7492	36
7495	19073
7501	69426
7504	215
7507	9956
751	10214
7510	55021
7516	17043
7519	38913
7522	45590
7525	144
7528	212
7534	4713
7537	263
754	14
7543	7473
7546	2162
7549	2244
7552	1018
7558	14000
7564	136
7567	24235
757	28733
7573	29218
7576	10682
7585	13013
7588	8593
7594	42
7597	19276
76	24374
760	634
7600	492
7603	4790
7606	156
7609	6974
7615	4253
7618	24
7621	107
7624	51
7627	21612
763	41232
7630	30693
7633	2528
7636	12514
7639	2040
7648	1741
7654	18712
7657	10512
766	9342
7660	7397
7663	23887
7666	22
7675	18815
7678	15089
7681	212
7696	8066
7699	1031
7705	204
7708	4890
7714	120
7717	11650
7726	28584
7729	5033
7738	589
7744	31546
775	23490
7750	46011
7753	26570
7756	5508
7759	18481
7762	68611
7765	24191
7768	447
7771	8492
7774	286
7777	2138
778	27839
7780	1858
7783	2271
7789	6748
7792	812
7798	7793
7801	12362
7804	2854
781	30631
7813	31689
7816	15375
7831	184
7837	5160
784	954
7843	1248
7852	14684
7855	278
7858	10935
7861	53807
7867	3210
787	38873
7870	14750
7873	27
7876	6225
7882	10125
7885	25030
7891	14597
7894	19260
79	25043
790	266
7903	1677
7906	152
7909	152
7912	182
7915	129767
7921	7185
793	22530
7930	391
7936	4895
7939	87
7945	103
7948	11768
7954	282
7957	241
796	3116
7960	12598
7963	1376
7969	690
7972	1304
7978	28
7984	86995
7987	11969
7993	86703
7996	9808
8002	4802
8005	10197
8008	83
8011	3914
8014	25492
8017	21
802	29552
8023	24730
8029	8344
8035	85087
8041	1762
8044	66
8047	21759
805	3548
8053	22244
8059	2426
8062	4830
8065	1542
8068	8493
8071	360
8074	31066
8077	284
808	50635
8080	16041
8083	13256
8086	2774
8092	4763
8098	16572
8101	35005
8107	65343
811	38626
8110	79
8113	1038
8116	120043
8122	11273
8125	3457
814	610
8146	392
8149	71
8155	48094
8164	363
8167	50137
817	23237
8170	18635
8173	9408
8176	7758
8179	2969
8182	22386
8191	88075
8194	152
8197	39347
82	132
8200	166
8203	979
8206	25
8209	12686
8212	310
8218	969
8221	256
8224	11474
823	1620
8230	19103
8233	9569
8236	276
8239	11647
8242	27277
8245	21793
8248	28682
8251	10599
8254	223
8257	19439
826	18599
8260	14356
8263	13441
8266	2472
8272	48197
8275	398
8278	2315
8281	743
8287	6859
829	2197
8290	183
8299	11868
8305	17277
8308	2208
8317	16394
832	30851
8320	2040
8323	41
8329	32000
8335	448
8341	24735
8347	30267
8350	21432
8359	8034
8362	147
8365	14677
8368	54
8374	44867
8377	2427
838	235
8380	2689
8389	11363
8392	547
8395	1043
8398	11809
8401	4546
8404	9682
8407	18358
841	7297
8410	13775
8413	10504
8416	3269
8419	16390
8422	7295
8425	16689
8431	34235
8434	105404
8437	135
844	20593
8443	42
8449	68855
8452	1298
8455	27773
8458	1735
8461	13327
8464	226
8467	45072
847	30272
8473	21065
8476	17477
8479	13651
8482	23586
8485	38838
8491	15134
8494	186
8497	18426
85	11886
850	1359
8500	143
8503	628
8509	116
8512	15967
8515	18674
8524	12971
8527	2651
853	1185
8530	9818
8536	584
8542	369
8545	1187
8548	11017
8554	1905
8557	20361
8560	50645
8566	37
8581	79
859	2770
8590	163
8593	6277
8596	44832
8608	40985
8614	91
8617	1783
862	12237
8620	17520
8632	6266
8635	30915
8641	474
8647	19713
865	22367
8653	6779
8659	17493
8665	23097
8668	13912
8671	22805
8674	24579
8677	2489
868	15923
8680	874
8686	202
8689	10850
8695	24046
8698	24642
8701	186
8707	44797
871	83
8716	149
8719	10938
8728	822
8731	43897
8734	6437
8737	138
8746	28561
8749	20069
8755	4189
8761	1609
8764	26242
8767	12402
8773	127
8776	538
8782	11003
8785	99
8791	20086
8794	33932
88	387
880	1238
8806	9136
8809	35020
8815	55910
8818	20629
8821	13465
8824	102
8827	37877
883	3603
8830	216
8833	6079
8836	7197
8839	2761
8845	67131
8848	7032
8851	16857
8854	1433
8857	151
886	1009
8860	24877
8863	10585
8866	31
8872	23590
8875	5070
8878	72942
8881	10841
8884	18890
8887	7122
889	2117
8890	35685
8896	62
8899	62379
8902	881
8905	15242
8908	27841
8911	24127
8914	65
8917	23834
892	21762
8920	22330
8923	23107
8926	5538
8929	21884
8932	102704
8938	1461
8941	19231
8944	21624
8947	10985
895	9755
8953	1184
8956	8577
8959	14
8962	18914
8965	270
8971	28964
8974	562
898	19656
8983	492
8986	65
8989	7122
8992	275
8995	5652
9001	13016
9004	36050
9007	12166
9010	2050
9013	1809
9016	16936
9025	15274
9028	40
9031	2391
9037	2075
904	2822
9040	331
9046	11179
9055	4833
9058	1251
9061	12925
907	1274
9070	53729
9073	19502
9079	10158
9085	15120
9091	3258
9094	5286
9097	11134
910	50
9100	77900
9106	5010
9109	83
9112	13058
9115	60091
9118	628
9127	313
913	16695
9130	42376
9139	17613
9151	13822
9154	1237
916	63
9160	7730
9166	1069
9169	76
9172	256
9175	26713
9178	19179
9181	1105
9184	14578
919	14217
9190	6525
9193	40121
9199	77910
9202	63829
9208	102053
9211	932
9214	25927
922	37214
9223	4437
9226	88
9229	55210
9232	17047
9235	1269
9238	20081
9247	37549
9250	25855
9253	28424
9259	5045
9262	4502
9265	162
9268	17671
9271	18181
9274	3821
9277	35
9280	35438
9283	10974
9286	18698
9292	8140
9295	11667
9298	21348
9301	9561
9304	47060
9307	19875
931	21093
9310	23245
9313	6607
9316	17054
9319	28958
9325	15898
9328	338
9331	178
9334	65748
934	17688
9340	1812
9343	7854
9346	16856
9349	1600
9355	15644
9361	16504
9364	3770
9367	5457
937	89343
9370	7378
9373	186
9376	17990
9382	81549
9385	35625
9388	39
9391	2042
9394	390
94	2468
940	10217
9400	24066
9412	24774
9415	1857
9421	577
9424	51872
943	3168
9433	927
9436	1990
9439	31015
9442	5392
9445	184
9451	1170
9457	441
9460	31023
9463	13028
9466	17412
9469	11141
9472	4398
9475	5481
9478	8465
9481	50977
9484	72406
9487	2896
949	70
9490	5471
9499	2689
9502	40334
9508	83378
9511	8023
9514	33110
952	10588
9523	32771
9526	2487
9529	1286
9532	137
9535	8500
9538	2135
9541	13972
9544	140
955	17653
9550	9484
9553	338
9556	11664
9562	4086
9565	23
9568	127
9571	1267
9574	78717
9577	603
958	65153
9580	1313
9583	3766
9586	12690
9592	12893
9595	9117
9598	5191
9601	1345
9604	17793
9607	24057
961	23212
9613	5252
9619	52840
9622	147
9628	227
9631	1946
9634	38549
9637	12442
964	15436
9640	369
9646	41725
9652	3904
9655	2607
9658	8898
9661	14908
9664	431
9667	13906
967	395
9670	2404
9676	3458
9685	56
9688	197
9691	9184
97	7164
970	8102
9703	20519
9706	470
9712	18753
9715	12873
9718	17484
9721	39804
9727	3729
973	19673
9730	6059
9733	25807
9736	466
9739	11551
9748	63
9751	499
9757	430
976	63
9763	25737
9766	2882
9775	4432
9778	1308
9784	2612
9787	13273
979	16664
9790	1790
9793	9474
9799	12296
9805	31295
9808	26304
9814	34540
9817	28990
982	8256
9820	689
9823	479
9826	282
9829	72962
9835	80606
9838	34603
9844	23097
9847	921
985	13254
9856	10894
9859	20077
9865	33967
9868	50214
9871	85328
9874	63
9877	1167
988	6245
9880	25280
9883	516
9889	82
9892	998
9898	101
9901	10664
9904	2424
991	5759
9916	9630
9919	801
9925	10183
9928	8031
9934	2009
9937	25870
994	27946
9940	20442
9949	108
9955	28476
9958	25675
9961	8499
9964	69161
9967	748
9970	71
9973	14748
9976	24399
9979	2829
9985	1112
9991	8645
9994	1567
