10001	420
10004	26580
10007	77
1001	22569
10010	83
10013	8346
10016	24584
10025	27637
10028	34473
10031	139
10037	61354
1004	27097
10040	1084
10043	1347
10046	8777
10049	511
10058	266
10061	121
10064	101
10067	39520
10070	24173
10079	6385
10082	11384
10085	80823
10094	3665
101	13430
1010	27383
10100	4533
10103	71918
10106	4046
10109	2283
10112	31687
10115	84
10121	8918
10124	11949
10127	18740
1013	10243
10130	20804
10133	18708
10139	51
10148	2466
10151	48
10157	565
10160	29417
10163	118
10172	220
10187	18166
1019	9309
10190	6968
10196	593
10202	30806
10205	679
10211	10771
10214	13119
10217	29715
1022	25234
10223	29762
10226	25362
10229	8204
10238	509
10241	4277
1025	30131
10250	247
10253	6929
10256	159
10259	17996
10262	15819
10265	408
10268	17213
10274	44754
10277	18924
1028	4385
10283	15468
10286	39
10289	78828
10292	295
10295	11801
10298	19964
10304	178
1031	12554
10310	748
10313	18589
10319	18794
10322	12418
10328	5104
10331	16950
10334	43
10352	6667
10355	12347
10361	172
10364	4781
1037	262
10373	318
10376	387
10379	2080
10382	15891
10385	6109
10391	28637
10394	6352
10397	22227
104	71166
1040	7309
10406	66545
10409	53189
10412	16691
10418	8764
10421	16719
10427	4372
10433	3000
10436	1103
10439	40601
10442	46068
10445	12602
10448	1428
10451	10235
10457	41278
1046	19768
10460	1289
10466	508
10469	10208
10472	973
10475	10411
10478	7669
10481	33428
10484	5303
10487	7601
1049	34393
10490	4220
10493	135
10496	4651
10499	400
10502	41891
10505	6079
10517	28527
10520	17712
10523	3194
10529	43713
10532	443
10535	435
10538	1456
10541	97479
10550	22101
10553	11610
10556	24868
10559	1927
10565	10651
10568	61
10571	26306
10577	5997
1058	30275
10586	37136
10592	2365
10595	23476
10598	593
10610	353
10613	6368
10616	10341
10619	41143
10625	2631
10628	38713
10631	74
10634	8843
10637	8897
1064	1415
10646	25114
10649	3790
10652	23513
10655	23223
10658	280
10661	11689
10673	14511
10679	30189
10682	22421
10685	26838
10688	12554
10691	38808
10694	49265
10697	23690
1070	1356
10706	80
1073	41
10730	8659
10733	14703
10736	33528
10739	22922
10742	774
10748	25185
10751	1432
10754	19528
1076	8017
10763	13
10766	12101
10772	11132
10784	4628
10787	3926
1079	6723
10796	83336
10802	4670
10805	92
10811	601
10814	13335
10817	16275
1082	243
10820	10900
10823	17014
10826	25758
10832	12639
10835	34150
10841	7118
10844	22693
10847	16325
1085	29380
10850	19244
10853	1583
10856	14727
10859	44853
10865	89
10868	10449
10871	743
10877	40236
1088	20375
10883	75
10886	208
10892	1672
10895	6998
10898	35016
10901	3679
10904	5412
1091	32986
10913	18268
10925	7752
10931	30116
10934	27
10937	175
1094	6574
10940	9707
10946	47115
10949	6695
10955	54715
10958	5291
10964	9730
1097	1736
10979	16240
10982	3976
10985	46145
10988	6261
10991	12106
10994	29783
11	2712
110	4780
11000	332
11003	2611
11009	44
11012	9176
11018	85189
11027	33808
1103	280
11033	41331
11036	1400
11039	11291
11048	835
11054	44825
11057	52705
1106	333
11066	2676
11069	93
11072	25625
11078	1507
11081	9942
11084	4606
11087	3670
1109	244
11090	49460
11093	22184
11099	13148
11102	15997
11111	20337
11114	34296
1112	3143
11132	20164
11138	43380
11141	352
11144	3535
11147	41463
1115	11639
11150	50672
11153	78
11156	7676
11159	12426
11171	6590
11174	58
11177	24004
1118	18477
11183	139
11186	9339
11189	8129
11192	34744
11198	19478
11207	6345
1121	83544
11210	7526
11213	12068
11216	44353
11219	179
11222	2168
11225	40214
11228	58423
11231	48
11234	37123
1124	3274
11240	11163
11243	11028
11246	5727
11249	33236
11252	34685
11255	2609
11258	371
11261	60
1127	1471
11276	312
11282	41018
11285	23
11294	10595
113	9282
1130	34527
11300	448
11303	11219
11306	169
11309	27635
11312	6448
11321	6612
11324	47645
1133	4044
11330	167
11333	33320
11336	70550
11342	23807
11348	13631
11357	2847
1136	46169
11360	31296
11363	8502
11366	650
11369	208
11372	403
11378	31
11381	20009
11384	3082
11387	9327
1139	10484
11390	78
11396	27677
11399	14444
11402	30040
11405	10432
11414	1315
11417	22908
1142	46167
11420	19120
11423	5771
11426	393
11432	1939
11435	12063
11438	5913
11441	24110
11444	3178
1145	49235
11453	81
11456	44642
11459	30156
11468	23925
11471	36695
11477	397
1148	42401
11483	18690
11486	116
11492	9104
11495	40245
11501	6839
11507	1210
1151	39248
11513	873
11522	25794
11525	17723
11531	15087
11534	4062
11537	29298
1154	12063
11540	66662
11546	10755
11549	76
11552	10047
11555	24960
11558	7084
11561	22967
11564	17287
11570	76
11576	14516
11579	173
11582	20550
11585	19829
11588	24728
11591	19283
11597	4447
116	16835
1160	34375
11603	742
11606	1148
11609	24074
11612	1513
11615	2437
11618	113
11621	1021
11630	32058
11633	20282
11636	9415
11639	5419
11651	16612
1166	8292
11660	13792
11669	837
11675	7770
11678	9172
11684	6503
1169	426
11690	13792
11693	48643
11696	41791
11702	18697
11714	26954
11717	20133
1172	9703
11720	1403
11729	3715
11732	15210
11735	5351
11741	25600
11747	107662
1175	72
11756	22124
11759	10656
11762	52242
11774	21555
11777	181
1178	13625
11783	48502
11786	24908
11789	105
11792	16561
11795	2121
11798	85
11801	18395
11807	55929
11810	8464
11813	14171
11816	22902
11819	94
11825	1235
11828	33405
11831	4355
11837	787
1184	19239
11840	6352
11843	49
11846	6829
11849	97
11852	902
11855	45349
11858	33835
11864	14594
11867	21869
11876	19776
11879	8313
11882	20337
11885	282
11888	2273
11894	36846
11897	96
119	1168
1190	37447
11900	16031
11903	42032
11915	7658
11918	54806
11924	7256
11927	9962
1193	72781
11933	5198
11936	5401
11939	33598
11948	451
11951	31779
11954	105
11963	13115
11969	68229
11978	9216
11984	8032
11987	2059
1199	1955
11993	54441
11996	1401
11999	11512
12002	2367
12005	50674
12011	14052
12014	10806
12017	49559
1202	26205
12020	34790
12023	9338
12029	35819
12038	4573
12041	86
12044	12963
12050	24351
12053	18684
12056	37802
12059	1187
12062	11603
12065	5965
12071	15095
12077	3388
1208	3764
12083	51
12089	4666
12092	36266
12095	4664
12098	19416
12101	3552
12104	1805
1211	6878
12110	91
12113	118
12119	86802
12122	4460
12128	592
12137	4982
1214	27667
12140	18486
12143	42
12146	26583
12149	10387
12155	77
12158	40058
12161	13878
12167	7717
12170	43957
12173	49929
12179	4642
12182	8862
12185	103
12191	66105
12194	161159
12197	6703
122	36604
1220	14162
12200	20
12206	11196
12209	9216
12215	10476
12218	79007
12221	24562
12224	15677
12227	2620
1223	65
12230	11838
12236	17895
12239	21089
12242	835
12245	37367
12257	51
1226	17348
12260	10043
12263	7952
12269	535
12275	3248
12278	480
12281	37969
12284	5524
12287	504
1229	1349
12290	25932
12302	5462
12308	1550
12314	1444
12317	1768
1232	3809
12320	226
12323	22471
12326	191
12332	119
12335	37038
12338	25461
12341	17224
12344	66
1235	2469
12350	47013
12353	513
12359	8691
12365	24666
12374	7552
12377	3014
1238	2068
12380	28779
12383	2875
12386	26080
12389	45575
12401	814
12404	41269
12407	1366
1241	9916
12410	9088
12413	6130
12422	3240
12428	11854
12431	238
12446	25669
12449	9753
12452	302
12455	10680
12458	85
12461	23871
12467	26726
1247	14249
12470	1007
12473	30373
12476	47
12482	6748
12485	94
12488	136
12491	27756
12494	21241
125	141
12503	9816
12512	10324
12515	21401
12521	64
12524	12272
12527	152
1253	81
12530	5292
12533	1053
12536	10644
12539	1538
12542	1294
12545	17584
12548	82
12554	11598
1256	5843
12566	214
12569	25091
12575	33698
12578	4904
12581	1779
12587	50952
1259	2269
12590	61785
12596	23470
12605	23619
12608	98808
12611	62775
12617	27690
1262	14086
12629	34931
12632	4004
12635	1441
12638	15622
12644	23147
12647	10233
1265	124
12650	419
12653	8855
12659	19139
12662	22562
12665	11111
12668	531
12671	28780
12674	125
12677	31168
1268	247
12683	45938
12686	7515
12689	24944
12692	46
12695	7626
12701	17559
12707	19806
1271	443
12710	11594
12713	8407
12725	21323
12728	756
12731	202
12734	123
12737	12329
1274	123
12743	24759
12749	121
12755	123
12758	218
12761	24394
12764	8570
12767	7767
1277	1978
12770	36
12773	2983
12776	31730
12779	11931
12794	17288
12797	584
128	1238
12800	24179
12803	14987
12815	144
12818	5715
12821	9419
12827	54972
1283	18941
12830	78
12833	218
12839	4879
12854	17313
12857	167
1286	22582
12860	32412
12866	12142
12872	13794
12875	20803
12878	19816
12884	56576
12887	45145
1289	28473
12890	356
12893	3708
12896	2962
12899	21
12902	53736
12905	11931
12908	32074
12911	63
12917	26693
1292	28501
12920	4713
12923	2750
12935	54047
12938	65185
12941	7063
12944	25403
12947	5307
12950	7335
12953	43552
12956	4033
12959	106
12962	22319
12965	10609
12974	137
12977	11143
1298	17981
12983	2567
12986	546
12989	23994
12992	20009
12998	7950
13004	627
13007	232
1301	33611
13016	25339
13019	36816
13022	2321
13028	351
13037	12082
13040	34360
13046	52805
13049	4843
13052	25543
13058	18796
13064	68984
13067	23761
1307	117797
13076	812
13079	15794
13085	1884
13088	12673
13094	19190
13097	167
131	32842
1310	34570
13100	25261
13103	227
13109	18415
13112	6752
13115	17684
13121	174
13124	9672
1313	38192
13130	2525
13133	23919
13136	412
13139	11603
13142	40372
13151	5753
13157	25667
1316	12827
13175	535
13178	2667
13181	52
13184	814
13187	21511
1319	567
13190	2466
13193	18397
13196	24
13199	4295
13202	3906
13208	3695
13211	104
1322	34206
13220	61
13223	47468
13229	16731
13235	10183
13244	3267
13247	49538
1325	19603
13250	18821
13256	54701
13259	7534
13271	134
13274	68365
13277	11544
1328	45673
13280	217
13286	13779
13289	319
13295	5086
13307	66782
1331	52739
13310	371
13313	8723
13319	20445
13322	60714
13328	26935
13331	17184
13337	3662
1334	6365
13340	3405
13343	32693
13346	27191
13349	37827
13352	16286
13355	223
13358	10657
13361	45113
13364	805
1337	6468
13370	46973
13373	30144
13376	304
13379	19072
13382	4306
13385	183
13388	39
134	2829
1340	577
13400	30492
13403	260
13406	25016
13412	21855
13415	15130
13418	12580
13421	20471
13424	8863
13430	15117
13433	13091
13442	17717
13445	27496
13448	18874
13451	9654
13454	15276
13457	12925
1346	76
13460	59780
13469	33770
13472	10255
13475	14897
13478	17782
13481	12132
13484	7400
13487	1521
1349	36112
13490	1559
13496	9277
13499	467
13502	7956
13505	3429
13508	3204
13517	1418
1352	38425
13526	43226
13529	19244
13535	53426
13538	1128
13541	14174
13544	204
13547	18916
1355	16631
13553	41102
13556	14339
13559	10755
13568	2023
13571	15154
13574	22170
13577	61073
1358	2053
13580	2512
13586	33
13592	543
13595	52557
13598	35136
13601	274
1361	28146
13610	9927
13613	25236
13619	16226
13622	1874
13625	799
13631	616
13634	6309
1364	39295
13643	5982
13649	36684
13652	19621
13655	64140
13658	5463
13664	106
13667	11919
13670	39201
13673	37338
13676	29342
13679	337
13682	13088
13685	570
13691	13748
13694	17360
137	830
13700	29146
13703	406
13709	22300
13712	35211
13715	9975
13718	2252
13739	743
13742	12238
13745	1640
13748	16895
13754	5070
13757	6990
1376	25111
13760	587
13763	88
13769	6959
13775	602
13778	40314
13781	127
13787	476
1379	92
13790	2215
13793	300
13799	365
13802	311
13805	480
13808	259
13811	58
13817	11777
1382	43575
13820	10665
13823	3184
13826	432
13829	33739
13832	576
13838	37
13844	8989
1385	50354
13850	59619
13853	22371
13856	275
13859	23367
13871	4554
13874	13549
13886	36550
13889	4329
13898	46822
13901	19544
13904	2114
13907	25360
1391	3908
13913	13988
13916	12544
13922	9642
13925	6721
13928	13048
13937	2763
1394	8538
13943	950
13946	1776
13952	1127
13964	59
13967	274
1397	19775
13973	1290
13976	8489
13979	3246
13991	253
13994	6953
14	17993
140	55
14000	2159
14003	2984
14006	2912
14009	26057
14012	729
14018	1823
14021	5496
14024	13974
14027	1484
14030	1244
14033	6476
14042	25140
14045	30072
14048	38114
14051	32590
14054	4433
1406	208
14060	31024
14063	48436
14066	7701
14069	15807
14075	118
14078	1333
14084	2115
14087	329
1409	113
14090	211
14093	10192
14099	15691
14102	20278
14105	16930
14108	17123
14117	73188
14120	15778
14123	6278
14132	49
14147	51652
1415	516
14150	117
14153	15632
14162	7326
14168	391
14171	8703
14174	42070
14177	571
1418	5352
14183	422
14186	8567
14189	2736
14192	26374
14198	2920
14207	25309
1421	5011
14210	14862
14216	20144
14219	27
14222	14002
14231	97
14237	269
1424	2501
14240	16955
14243	38058
14249	130
14255	13624
14258	88
14261	28217
1427	11846
14276	50882
14279	3576
14285	2264
14288	19714
14291	4105
14294	25145
14297	292
143	13307
1430	370
14306	516
14309	676
14312	20695
14315	4533
14318	8991
14324	22295
1433	653
14330	5700
14336	123
14339	35194
14345	6354
14360	24805
14366	18181
14369	15156
14375	3282
14378	4748
14381	112
14387	25671
1439	2891
14390	14069
14393	22847
14402	34886
14405	22425
14411	162
14414	17184
1442	198
14420	2369
14423	28598
14426	22087
14429	58044
14432	30473
14435	971
14438	51
14444	10540
14447	670
1445	53389
14450	52550
14453	331
14465	34994
14468	4866
14471	10319
14474	4233
14477	23869
1448	46624
14486	84263
14495	35428
14498	271
14501	2551
14504	7706
1451	16065
14510	13674
14513	22241
14534	375
14537	11673
14540	1604
14546	28989
14552	1577
14564	12355
1457	25789
14573	16866
14576	36373
14579	95
14585	33887
14588	56128
14591	150
14594	22295
146	5550
1460	571
14600	37374
14612	28619
14615	2828
14618	15635
14621	425
14624	29805
14627	37456
1463	43383
14633	124
14636	15862
14639	130
14642	3583
14645	72790
14651	7301
14657	27697
1466	22880
14660	84
14663	15271
14666	11892
14669	68509
14672	37450
14675	44527
14678	17460
14681	26993
14684	7427
1469	103034
14690	13072
14693	4032
14696	15112
14699	14457
14711	48713
14714	8290
14717	3780
14720	1180
14723	12236
14726	237
14729	6409
14732	22794
14738	1998
14744	9292
14747	1006
1475	7078
14753	36406
14768	27036
14771	428
14774	6629
14777	15591
1478	163
14780	23441
14783	300
14789	1804
14792	1534
14795	6118
14798	9371
14804	10161
14807	6300
1481	2241
14810	151
14813	17065
14819	35787
14822	10827
14828	14570
14831	2368
14834	2361
14837	9346
1484	24111
14840	3015
14846	3515
14849	3444
14855	456
14858	39880
14867	428
14870	3440
14885	9364
14888	39
14891	602
14897	16071
149	133
1490	54554
14900	52779
14903	19390
14906	19790
14909	26204
14912	25596
14918	28085
14921	8494
14927	5490
1493	41895
14930	109
14933	45855
14936	2537
14939	8250
14942	2340
14948	549
14954	4660
14963	35596
14972	7952
14975	47664
14981	8804
1499	41996
14999	4593
15002	42
15005	10987
15008	104745
15011	8980
15014	395
1502	701
15020	149
15023	3238
15026	17984
15038	252
15041	3297
1505	518
15050	44135
15056	30049
15062	5699
15065	26165
15068	2408
15071	21055
15080	36047
15083	2560
15086	6966
15092	72
15098	105
15104	15429
15110	2866
15113	153
15116	15046
15119	25524
15122	16920
15125	13622
15128	47155
15131	15925
15134	885
15143	16208
15149	3525
15152	13274
15155	116720
15164	20181
1517	2682
15170	350
15173	28879
15176	1092
15179	323
15182	680
15194	10030
15197	84790
152	17299
15203	2587
15206	691
15215	33372
15218	10780
15221	111579
15224	5467
15227	14306
1523	6942
15230	7451
15233	848
15236	17113
15239	34
15242	5420
15248	628
15266	7446
15269	17239
15272	112
15275	265
15281	5846
15287	26270
1529	52643
15293	17565
15299	67112
15308	29186
15311	6478
15314	213
15317	6201
15320	9937
15329	48107
15332	35741
15335	112
15338	81
15341	22380
15347	2800
15350	605
15353	1436
15359	13518
15365	14591
15371	25877
15374	3662
15383	10024
15386	1826
15389	3189
15395	6336
15401	210
15404	7552
15407	9795
1541	673
15410	12603
15413	2026
15419	70
15422	87161
15425	36838
15428	25136
15431	14276
15434	26126
1544	13635
15440	9545
15443	25872
15446	17039
15449	16351
15452	4387
15458	3745
15461	21
15464	40993
15467	1952
1547	8420
15479	11791
15482	830
15485	68
15488	49142
15491	21995
15494	30863
15497	4124
155	859
1550	71
15500	1084
15503	13161
15506	1337
15509	5945
15512	8743
15515	21897
15518	2235
15521	4135
15524	31656
15527	105
1553	276
15530	83
15536	889
15539	215
15542	14034
15548	165
15551	477
15557	5503
1556	29271
15566	116405
15569	15675
15572	485
15575	541
15578	4846
15587	31106
1559	2247
15596	5032
15599	1632
15602	642
15605	10718
15611	17250
15617	5800
15620	1608
15623	8117
15626	69032
15632	22019
15635	225
15638	8136
15647	2629
1565	6867
15650	67
15653	1308
15656	24508
15659	195
15662	16692
15668	891
15674	16230
15677	125
1568	23703
15683	29197
15695	20802
15698	403
15704	90
15710	22128
15713	14246
15716	24953
15719	23232
15722	66
15728	4856
15731	27935
15734	48250
15740	18615
15743	32609
15746	15971
15755	85
15764	38422
15767	5992
1577	4310
15770	71
15779	84
15782	14172
15785	13219
15788	18123
15791	46230
15794	457
15797	18094
158	9690
1580	2785
15803	1894
15806	6436
15809	1330
15812	17249
15815	10300
15818	16107
15824	4436
1583	305
15830	34
15836	34125
15839	31392
15845	24623
15851	3898
15854	22476
15857	37
15860	376
15863	23103
15869	1099
15875	21869
15878	4957
15881	17588
15884	14195
1589	16446
15890	8873
15896	20812
15899	38576
15905	8259
15911	14463
15914	6205
15917	4608
1592	14322
15923	15415
15926	40
15929	18883
15938	12087
15941	1588
1595	12053
15959	1097
15962	32472
15968	1121
15977	1147
1598	1325
15980	214
15983	168
15986	1291
15989	17417
15998	53907
16001	127
16004	2493
16007	49
1601	10920
16013	2242
16019	45939
16022	9650
16025	2424
16037	18845
16040	759
16043	6931
16046	11394
16064	2328
16067	7525
1607	28864
16073	46464
16079	11769
16082	5346
16085	13925
16088	25464
16094	12328
16097	362
161	824
1610	1083
16103	26244
16106	7396
16112	5712
16115	19722
16121	5200
16127	29851
1613	4643
16130	220
16133	1899
16136	33884
16139	104
16145	20717
16148	49509
16151	30890
16154	20309
16157	9263
1616	4252
16160	19957
16163	10945
16169	1030
16172	1037
16175	9625
16181	1754
16187	71
1619	5878
16196	876
16199	40446
1622	8471
16220	119
16223	33231
16226	1098
16229	2107
16235	39821
16238	16516
16244	976
16253	6648
16256	39799
16259	9180
16262	5623
16265	25538
16268	14171
16277	7972
16283	1208
16286	65
16295	9501
16298	11476
16301	3087
16307	394
1631	12985
16313	70811
16322	11323
16331	345
16334	13837
1634	1014
16343	755
16352	153
16358	281
16361	3430
16364	206
1637	20495
16370	27412
16373	12181
16376	4491
16385	556
16388	7232
16391	21282
16397	19758
164	13331
1640	17613
16400	1206
16403	993
16406	6776
16409	12416
16412	14908
16415	3827
16418	35011
16421	6313
16427	46064
16430	4194
16433	3615
16436	177
16442	27058
16445	9765
16448	12003
16454	1885
16457	19671
1646	15910
16463	1005
16469	27262
16472	4451
16475	9017
16478	58
16484	1267
1649	46
16496	13965
16499	26642
16502	6481
16505	28446
16511	21688
16514	65359
16517	9560
1652	7751
16523	2326
16529	37665
16535	73488
16541	52009
16544	42
1655	326
16553	275
16559	5099
16565	49012
16568	264
16574	39169
1658	59940
16580	44867
16583	6822
16589	42
16592	180
16601	236
16604	1130
16607	19465
1661	4069
16610	77
16613	39360
16622	83
16625	9127
16631	71
16634	4428
1664	28617
16643	233
16649	40267
16658	9494
16661	18453
1667	1805
16670	27410
16673	41
16676	12238
16679	717
16682	16406
16688	2753
167	432
16703	56920
16709	8708
16718	2302
16721	6255
16724	11830
1673	451
16730	631
16739	19310
16742	24772
16751	44844
16754	70
16757	7811
1676	29651
16760	1255
16781	13686
1679	48
16793	27350
16796	3267
16799	73
16802	62314
16805	1678
16817	4438
1682	9910
16823	508
16829	5595
16832	19570
16844	1187
16847	8805
1685	2075
16850	1235
16856	4597
16862	12646
16877	339
1688	34904
16880	19428
16886	9707
16892	17298
16895	494
16898	8243
16901	5778
16904	7419
1691	22138
16910	10293
16919	32245
16928	903
16931	8059
16937	11884
1694	47063
16940	2700
16949	175
16952	10178
16955	40660
16958	786
16964	51978
16973	9549
16976	47075
16979	5598
16982	2093
16985	54
16988	814
16991	7938
170	7105
1700	845
17000	1485
17006	18656
17012	96
17015	5930
17018	63
17021	351
17024	9393
17027	7380
1703	25558
17036	2945
17039	37
17042	12757
17045	46164
17057	65
1706	24066
17060	4563
17066	24628
17069	18755
17072	3042
17075	320
17081	3863
17084	260
17087	247
1709	16611
17093	4205
17099	1516
17102	394
17105	453
17108	39945
17111	32312
17117	7912
17123	701
17126	41979
17129	27547
17144	30194
17147	1665
1715	20880
17150	17573
17156	2581
17159	21343
17168	439
17171	7918
17174	1742
1718	45207
17186	22063
17204	22092
1721	35010
17213	23633
17219	13856
17222	45
17225	4251
17231	9715
17237	2043
1724	31540
17243	4512
17246	1568
17249	55227
17258	1009
17261	64
17264	21335
1727	20350
17270	26291
17282	206
17285	20812
17288	13562
17291	5309
17294	68
17297	18578
173	250
1730	31193
17303	3714
17309	2511
17312	11922
17315	53391
17318	88846
17321	1573
17324	52217
1733	42086
17333	70843
17336	1577
17345	4387
17348	20208
17351	15089
17354	887
17357	15098
17360	33588
17366	8412
17372	33059
17375	350
17378	55418
17381	14295
1739	30637
17393	11776
17399	26528
17414	180
17417	311
1742	65435
17420	6054
17426	8150
17432	2820
17444	9948
17450	102
17453	6909
17456	1377
17459	43
17462	114
17465	1247
17474	55487
17480	71989
17483	10712
17489	2019
17492	12522
17504	69
1751	12270
17513	22127
17516	11978
17525	46595
17531	27871
17537	33649
1754	44439
17543	2237
17546	59
17549	3370
17552	11686
17558	1294
17564	4347
1757	96772
17570	1887
17576	447
17579	15717
17585	18585
17588	22345
17591	48409
17594	420
17597	43943
176	22257
1760	8069
17600	48231
17603	8839
17609	193
17615	21107
17621	11108
17624	3582
17627	51
1763	14625
17630	3672
17633	1353
17639	5183
17642	9617
17645	74482
17657	3865
17660	21
17666	10317
17669	7548
17672	26530
17675	39
17678	106
17687	7217
17690	2195
17696	161
17702	38452
17705	408
17708	13898
17714	168
17717	13523
1772	369
17720	55
17723	2070
17729	19053
17732	499
17747	31431
1775	15858
17753	19997
17756	60137
17768	117
17771	32993
17774	42418
1778	24984
17783	4431
17789	5746
17795	24124
17801	15027
17804	26580
17810	17485
17813	5242
17828	23576
17834	138
17837	179
1784	50292
17840	4078
17843	697
17846	62
17852	434
17858	35468
17861	104
17864	35
17867	11882
1787	15619
17870	77
17873	239
17879	80484
17882	17879
17888	13412
17897	52943
1790	24360
17900	22473
17909	108
17918	62
17921	1781
17924	1842
1793	26434
17930	34246
17942	24247
17948	874
17954	26360
17957	40595
1796	454
17963	11721
17966	34786
17981	26562
1799	2458
17990	1041
17993	34091
17996	41227
17999	7073
18002	25197
18005	2475
18011	364
18014	17218
1802	64
18023	33307
18026	3951
18029	29079
18035	20985
18038	235
18047	15924
18050	21621
18056	48735
18062	26189
18065	32351
18068	8634
18071	21639
18074	31847
1808	37337
18080	13832
18086	31840
18092	91
18095	3488
18098	14283
18101	14769
18104	19043
1811	47152
18113	136690
18119	241
18122	9977
18128	199
18134	25543
18137	118
1814	13176
18143	4825
18146	2252
18152	15446
18155	20227
18161	89
18164	27684
18167	1290
1817	882
18170	13800
18176	16761
18179	18212
18182	1158
18185	23548
18188	53850
18191	177
18194	240
18197	30648
182	1052
18200	53
18203	92769
18206	13546
18209	67200
18218	15648
18221	20328
18224	32691
1823	3659
18230	16511
18233	2793
18239	63774
18242	18937
18245	14017
18257	18887
18260	15925
18266	8512
18269	605
18275	64
18278	10503
18281	3994
18284	6136
18287	48025
18290	7447
18296	9490
18311	6174
1832	5219
18329	28955
18332	258
18338	118
18341	25243
18344	34426
18347	4425
18350	7235
18353	658
18359	100
18362	90
18365	13041
18371	37418
18374	43997
18377	11375
18380	21233
18383	1023
18386	13536
18389	24529
18395	14556
18401	674
18407	28037
1841	380
18413	58
18416	26596
18419	4055
18422	3715
18425	1408
18434	1652
18440	67
18443	75
18446	36
18455	3883
18458	12170
18464	2602
1847	30161
18479	978
18482	459
18494	26264
185	1965
1850	8976
18506	7638
18509	9478
18518	6547
18521	50384
18524	222
1853	15375
18539	12748
18548	203
18554	40241
18557	4876
1856	13
18569	38906
18575	8349
18581	28879
18587	467
1859	33228
18593	20446
18602	32883
18605	54595
18611	1172
18614	794
1862	37
18626	50353
18629	17873
18632	11524
18638	170
18644	47876
18647	5160
1865	61772
18650	890
18656	335
18659	13783
18677	931
1868	974
18680	7440
18683	8764
18686	16609
18689	24158
18692	55
18698	50
18701	20625
18704	13399
1871	25401
18710	26463
18713	44850
18722	25694
18725	37379
18728	14764
18731	35226
18734	434
18737	266
18743	131
18746	5949
18749	46102
18752	9423
18755	178
18758	8207
18761	236
18764	38331
18767	12019
1877	54517
18773	12079
18776	13800
18779	17399
18791	26954
18794	224
18797	41298
188	3822
1880	11052
18806	713
18809	4050
18812	1887
18821	22045
18827	48489
1883	52178
18833	9270
18836	20080
18842	5403
18848	17397
18851	926
18854	2380
18857	477
1886	50252
18866	1036
18872	302
18878	105
18884	70171
18887	33062
1889	60657
18899	142
18905	21813
18908	29513
18911	53028
18917	3319
1892	2743
18920	14296
18926	4293
18929	2950
18932	32535
18935	872
18938	16704
18947	5564
1895	1501
18950	831
18953	1597
18959	5644
18971	9550
18977	818
1898	2266
18983	18231
18989	19480
18992	14567
18995	19438
18998	19277
19001	16680
19004	17895
19013	16479
19016	21402
19019	319
19025	33510
19037	10912
1904	42
19040	3597
19043	9528
19046	11458
19058	45018
19061	3362
19067	185
19076	228
19079	40572
19082	20821
19085	2129
19088	587
19091	2232
19094	9705
191	30535
19100	8992
19103	864
19106	282
19109	12212
19112	37378
19121	20350
19124	16072
1913	25703
19133	16109
19136	16247
19139	32440
19145	97
19154	35
19157	11704
19160	7479
19163	40064
19166	3976
19172	563
19175	14046
19181	2073
19184	3129
19187	15380
1919	454
19190	1900
19193	115
19196	55885
19199	22135
19202	8433
19205	155
1922	52
19220	10151
19223	3677
19226	823
19232	18075
19235	18857
19244	29594
19247	4176
1925	1123
19253	52786
19262	12089
19265	1692
19268	14879
19271	18665
19274	27082
19277	20956
19280	33
19283	381
19298	5085
19304	476
19307	11030
1931	157
19325	19099
19331	2243
19337	10684
1934	533
19340	1928
19346	30795
19355	20837
19358	509
19364	11787
19367	9378
1937	23314
19370	74
19373	53
19376	50835
19394	1019
19397	15092
194	3247
19400	120
19406	652
19409	4013
19412	39827
19418	6740
19421	3835
19424	10473
19427	15086
1943	8144
19430	353
19433	11035
19454	136
1946	10225
19463	43
19469	1683
19472	2327
19475	1196
19478	116
19481	75102
19484	39380
19487	2030
1949	17782
19490	4405
19493	68338
19502	532
19517	22555
1952	1069
19520	5016
19523	8694
19535	5673
19541	26997
19544	20070
1955	3568
19550	15816
19553	2871
19562	11485
19568	13290
19571	289
19574	5329
19577	13675
1958	256
19580	1049
19583	10018
19586	7605
19592	4797
19595	6096
19601	15127
19604	14616
1961	6443
19613	14343
19616	59024
19628	5744
19637	140
1964	8011
19640	140
19643	1001
19649	3810
19655	21130
19661	969
19664	7973
1967	5823
19673	20034
19676	891
19688	5607
19694	27085
19697	177600
197	16598
1970	2241
19700	3681
19703	9607
19709	113
19712	3502
19718	15915
19724	2088
19727	42418
19736	31751
19742	6789
19745	4032
19754	352
19757	29354
1976	5562
19760	3670
19763	44206
19766	19962
19769	18342
19775	6121
19778	967
1979	60
19796	1903
19808	2876
19811	62
19814	250
1982	16194
19826	12601
19829	11050
19835	27566
19838	14775
19841	8854
1985	145
19850	45659
19856	43294
19862	626
19871	10902
19877	9293
1988	172
19883	13442
1991	258
19910	16739
19913	12091
19916	5763
19919	2831
19922	43333
19925	90563
19931	19878
19934	26870
19943	12406
19949	65
19952	34245
19958	10675
19964	26855
19967	116
1997	9339
19973	159
19976	36
19979	7276
19982	65
19988	964
19991	7099
19994	43514
19997	46774
2	39511
20	36221
20000	6781
20003	11120
20009	22564
20012	2661
20015	11542
20027	327
2003	33465
20030	2141
20033	65
20036	104
20045	281
20048	15951
20054	4826
20057	1915
2006	3239
20060	272
20069	863
20072	7140
20075	20861
20084	40284
20087	216
2009	602
20093	17670
20096	6270
20099	13001
20108	17178
20114	17312
20117	27340
2012	10029
20120	16416
20123	2811
20132	10499
20138	15343
20141	4751
2015	5826
20153	2008
20156	457
20159	11079
20168	4801
20177	5979
2018	29912
20183	24065
20195	1127
20198	6797
20207	56789
2021	28208
20210	9410
20213	31293
20216	19390
20219	3403
20222	50
20225	213
20228	1119
20231	9328
2024	159
20243	742
20246	6508
20255	25
20258	19723
2027	232
20270	4135
20273	252
20279	425
20285	16420
20288	237
20294	11854
20297	2602
203	457
2030	30137
20300	551
20306	138
20312	6275
20318	12549
20321	26229
20327	48918
2033	3639
20333	706
20336	5308
20342	776
20345	5582
20351	7363
20354	37816
20357	10801
2036	544
20360	7258
20363	9359
20366	123
20381	23637
20384	19950
20387	33423
2039	23846
20393	10688
20396	18097
20399	16687
20408	25941
20414	136899
20417	70718
2042	10743
20420	217
20423	52
20426	39124
20432	30273
20435	14280
20441	2100
20444	8655
20450	1806
20453	1386
20456	31675
20459	7888
20465	1549
20474	8195
20477	3940
2048	39511
20480	5366
20492	864
20495	31471
20498	18381
20501	27506
20504	22958
2051	33057
20510	746
20513	49997
20519	18329
20522	15730
20528	8256
20531	18503
20534	12206
20537	18939
20552	628
20555	3288
20558	49976
20561	116
20564	1394
2057	273
20573	7597
20576	580
20585	18588
20597	7878
206	46138
2060	13269
20603	3138
20606	1441
20612	26418
20627	69184
2063	96
20633	27942
20636	10704
20639	18836
20651	424
20654	10595
20657	2201
2066	49
20663	39857
20666	2343
20669	1935
20672	16549
20687	386
2069	19323
20693	54351
20696	11215
20699	6101
20711	40410
20714	6093
20717	5216
2072	342
20723	405
20729	747
20735	24666
20738	112
2075	27825
20750	113562
20756	61471
20759	6665
20762	11129
20765	1482
2078	48019
20783	321
20786	3907
20789	3866
20792	7454
20795	792
20801	3865
2081	9192
20813	2419
20816	11032
20819	4259
20825	9196
20828	2427
20831	11006
20837	907
2084	1649
20840	10675
20849	16311
20855	1177
20861	18633
20864	806
20867	1087
2087	29500
20870	862
20873	9935
20876	10690
20882	7392
20891	12234
20894	17639
209	20184
2090	33376
20900	10852
20906	11697
20909	14291
20912	77
20921	24767
20924	31
2093	20429
20930	4520
20933	261
20939	13361
20942	16686
20945	4458
20948	55663
20960	14850
20963	9144
20966	14871
20969	1729
20972	52
20978	15660
20981	16505
2099	9076
20990	32229
20993	1512
21002	6879
21005	3919
21008	28222
21011	728
21014	12358
21017	28414
2102	9810
21023	11751
21032	1425
21038	13915
21044	15327
21071	2434
21074	10344
21077	2738
21089	10258
21092	16595
21095	15067
21098	458
21104	11255
21107	1565
2111	324
21110	539
21116	14017
21122	10224
21125	2335
21128	2257
21134	9550
2114	23042
21146	26140
21152	410
21155	2583
21164	59
2117	32753
21173	16250
21176	46744
21179	6157
21188	13477
21191	293
21194	798
21197	21623
2120	1356
21200	19270
21209	277
21221	1110
21224	35255
2123	145
21233	30415
21236	9393
21239	969
21248	1170
21257	41889
2126	13890
21260	85390
21266	2059
21278	21465
21281	772
21284	44682
2129	50689
21293	4141
21299	105
21305	813
21308	9105
21311	1158
21314	352
21326	423
21329	7660
21332	20736
21335	41590
21338	10917
21344	40
21347	18873
2135	20946
21353	92
21362	2811
21368	7191
2138	1033
21380	24536
21392	14825
21395	10441
21398	62
21407	21092
2141	31755
21410	61092
21413	12793
21416	5752
21419	25119
21431	6220
2144	2557
21440	27736
21449	63276
21452	4463
21461	12100
21467	26384
21470	11964
21473	23488
21479	11792
21485	34823
21488	33063
21491	68
21497	18095
2150	811
21500	37242
21503	34536
21506	119
21518	33251
21521	32
21524	30983
21527	19965
2153	32503
21530	64454
21539	1636
21542	608
21551	9464
21554	104
2156	24207
21560	322
21563	244
21566	114
21572	73
21578	13630
21587	19310
2159	11633
21596	18127
21602	198
21605	7754
21608	33
21611	1937
21626	116882
21635	9091
21638	1017
21644	1000
2165	1978
21650	2325
21653	109
21659	35489
21662	7731
21668	6494
21674	1238
21680	183
21683	1295
21686	98
21701	17228
21707	44939
21710	18008
21716	4014
21719	46700
21725	8289
21731	793
21737	42917
21740	2416
21743	17192
21746	22792
21749	3431
21755	36163
21758	154
21764	132
2177	6809
21776	1807
21782	4469
21785	3996
21794	11311
218	32391
2180	259
21809	21380
21812	27286
21815	53949
21818	32898
21821	2483
21824	289
21827	28368
2183	44660
21851	103
21854	419
21857	25447
21860	233
21863	14867
21869	115
21872	30165
21875	19505
21878	58231
21881	537
21884	17258
21887	438
2189	82827
21890	4719
21893	11080
21896	220
21899	5390
21902	4295
21905	8269
21908	42501
21914	927
21917	12008
2192	33616
21920	28255
21923	20830
21926	57
21929	2758
21932	143
21935	592
21950	45220
21953	3895
21959	37704
21962	17812
21968	48
21980	5065
21986	9490
21989	114
21998	25638
22001	10679
22004	43700
22007	16135
2201	58
22013	6220
22016	265
22019	35
22022	7986
22028	35497
22031	3373
22034	5407
22037	12459
2204	51763
22040	1483
22043	26044
22046	17261
22049	13894
22055	17615
22058	16360
22061	51
22064	10070
2207	1422
22070	7781
22079	39907
22091	18159
2210	327
22109	17036
22115	31384
22121	515
22124	192
2213	924
22130	10307
22139	8195
22145	1343
22148	1194
22151	11036
2216	23823
22160	2826
22163	7076
22169	7196
22172	358
22175	1979
22178	15286
22181	7686
22184	6000
2219	12349
22208	243
22214	112176
22217	26591
22223	48
22226	7481
22232	3350
22235	408
22247	46428
2225	4923
22253	36916
22262	102243
22268	1333
22277	452
2228	4710
22280	1577
22286	19287
22292	5763
22298	588
22301	8983
22307	40608
2231	57440
22310	10397
22313	42420
22337	127
2234	9731
22340	57342
22346	16513
22349	2248
22352	1901
22355	13644
22358	226
22361	1108
22364	13960
22370	33914
22373	27217
22379	8514
22385	1292
224	61840
2240	2130
22400	29864
22406	24431
22409	16322
22412	10610
22415	2886
22421	27409
2243	16788
22433	1902
22439	472
22442	27729
22448	15947
22451	4097
22454	12058
22457	14121
22460	537
22466	2018
22469	11123
22475	17272
22478	127882
22484	44274
22487	31109
22490	13309
22493	113
22505	722
22508	7978
22511	3862
22514	18101
22517	7551
2252	1412
22523	2606
22526	15919
22529	42685
22532	1646
22535	15610
22544	64897
22547	650
2255	19575
22550	10627
22553	498
22556	13017
22559	64439
22565	18621
22568	12007
22574	12779
22577	31133
2258	49975
22580	71718
22583	19325
22586	261
22601	21591
22604	293
2261	77
22610	42348
22625	4320
22628	28508
22631	1027
22634	15239
2264	20180
22643	962
22646	614
22652	1348
22667	24260
2267	3567
22670	26739
22673	4461
22679	593
22682	23539
22685	39760
22688	8481
22691	4739
227	143
2270	590
22700	15394
22703	31548
22706	18770
22709	33089
22715	30035
22721	26444
22724	682
2273	83
22733	26615
22742	29715
22745	275
22754	17373
22757	64
22763	72
22766	40193
22769	250
22772	22264
22778	10501
22787	16378
2279	1290
22790	60
22793	54618
22796	10958
22805	5181
22808	465
22817	3526
2282	71158
22820	64596
22823	87
22832	14520
22835	1185
22844	5622
2285	140318
22850	387
22853	5273
22856	537
22859	13513
22868	1225
22871	2028
2288	17556
22886	6570
22892	1746
22898	23
22901	15030
22904	652
22907	8382
2291	377
22910	37118
22919	21796
22925	293
2294	19316
22940	249
22955	12191
22982	39366
22985	528
22991	53
22994	5270
22997	24387
23	54494
230	869
2300	9355
23000	535
23006	8063
23009	20243
23015	7069
23018	60
23021	9590
23027	942
2303	33035
23030	109
23033	63448
23039	451
23042	135
23048	1745
23054	24448
2306	45269
23060	4097
23063	23378
23069	94
23072	23905
23078	28691
23087	33318
23093	25279
23096	8500
23102	75879
23108	18159
23120	291
23126	6464
23129	7676
23138	451
23141	75
23150	29606
23153	24658
23159	9641
23174	176
23177	11194
2318	51
23180	6744
23183	3540
23189	15304
23201	848
23207	5611
2321	773
23210	2122
23219	1895
23222	18293
23228	2982
23240	2948
23246	28842
23249	4726
23252	5580
23258	27507
23261	46919
23264	37431
23267	30261
2327	549
23273	29
23276	83187
23294	183
23297	10083
233	1458
2330	21392
23300	2179
23303	186
23315	15468
23327	2341
2333	5642
23330	4049
23336	331
23345	13064
23351	3187
2336	1442
23363	9382
23366	103
23369	28752
23378	15950
23381	42321
23384	5839
23387	10152
2339	9821
23396	2473
23399	2650
23411	20858
23414	20018
23417	298
2342	46312
23423	3392
23432	1919
23435	7611
23438	7323
2345	13785
23453	2614
23462	5361
23471	23898
23474	14654
23477	4556
2348	8438
23483	1077
23486	309
23489	33973
23495	84
23498	2800
23504	66
23507	14756
2351	11723
23510	1115
23516	4164
23522	3827
23525	51872
23534	9922
23537	19515
2354	2892
23540	15621
23543	5392
23555	3061
23558	423
23564	25590
2357	18760
23570	10378
23573	497
23576	4542
23591	24922
23594	11116
236	21269
2360	175
23603	56760
23606	52703
23618	136
23630	5757
23633	19890
23636	11284
23642	7051
23651	421
23654	2697
23657	48
2366	41542
23663	25460
23666	31887
23675	8271
23678	2382
23681	16544
23684	4334
23687	41695
23690	4427
23699	160
23711	30
23717	24044
2372	3741
23720	8287
23732	840
23735	9121
23738	7388
23741	175
23744	553
2375	8484
23750	158
23753	388
23756	35082
23762	14552
23765	13917
23768	22809
23771	2136
23774	703
23777	340
2378	6290
23780	11765
23786	812
23789	4855
23801	873
23804	1046
2381	15921
23810	12592
23816	2870
23819	49542
23822	11225
23831	12933
23837	2052
23840	1604
23846	7212
23855	17622
23858	64116
23861	291
23867	216
2387	17251
23879	1613
23894	4398
239	2121
2390	33248
23900	223
23906	39
23921	1965
23924	9914
2393	152
23939	1901
23948	2831
23960	20618
23975	42528
23981	18652
23990	26573
23993	101
23996	11121
23999	26656
24005	26378
24008	494
24011	24660
24014	10038
2402	35682
24023	817
24038	13547
24041	1836
24044	32172
2405	21327
24050	4168
24065	14476
24071	2149
24074	70
24077	972
2408	61113
24080	11335
24083	37048
24086	17153
24095	12112
24101	8798
24104	26770
2411	1086
24110	2563
24122	62976
2414	639
24140	33333
24158	147
24167	109
2417	30372
24170	13461
24185	13852
24191	170
24194	1002
24197	14712
242	184
24200	23302
24206	6714
24215	10409
24221	21186
24224	21628
24227	43700
24239	174
24245	73
24251	3490
24257	825
2426	7661
24260	7540
24263	30271
24266	937
24269	62587
24272	8566
24275	5102
24278	69
24284	20069
24287	327
2429	6917
24296	172
24305	7095
24308	59826
24314	19367
2432	5067
24323	306
24332	826
24335	66927
24338	17804
24344	44897
2435	209
24350	3734
24356	7299
24359	5559
24365	446
24368	6235
24374	3939
24377	18604
2438	41386
24380	33893
24386	7853
24395	87682
24398	57351
24401	162
24404	21159
24407	39022
2441	648
24410	46
24413	114
24419	332
24422	8971
24425	1598
24428	402
24455	10126
24458	3298
24470	16214
24473	58853
24476	7079
24479	15959
24485	17265
24494	26342
245	15037
2450	22317
24503	11211
24506	17403
24515	181
24539	938
24542	9847
24557	7874
2456	2625
24560	26438
24566	4880
24569	223
24572	57
24578	4789
24587	394
2459	24317
24593	506
24596	19621
24599	2124
24605	1387
24608	18
24611	17364
24617	5797
2462	19945
24620	2976
24635	508
24638	1323
24641	45621
2465	11850
24653	46936
24662	18212
24668	354
24671	5702
24674	1119
24680	907
24683	3205
24686	68
24689	66
24692	251
24695	238
24698	36170
24704	65675
24713	2323
24731	642
24740	13809
24743	37782
24746	39
24755	1277
24761	1183
24764	3484
24767	309
2477	839
24770	24763
24773	424
24776	4616
24797	18523
248	32121
2480	15383
24800	6487
24803	2859
24809	331
24812	22290
24815	18876
24824	745
24827	1015
2483	50970
24830	4682
24833	691
24836	9565
24839	8735
24851	1126
24854	10664
2486	15458
24866	2429
24869	107
24872	443
24881	26776
24893	499
24896	90
24902	691
24908	150
24914	38069
24920	3149
24923	15449
24947	149
2495	2407
24950	3013
24959	8539
24962	47381
24965	17258
24971	163
24977	30833
2498	9003
24983	935
24986	2188
24989	27319
24992	2947
24998	1338
25007	1100
2501	4268
25010	9426
25016	5916
25022	1104
25037	329
2504	7287
25040	3960
25049	124881
25052	10850
25055	6760
25058	646
25061	169
25067	13025
2507	125711
25070	15034
25076	8510
25085	22431
25091	19338
25094	22874
2510	13242
25103	4939
25118	3912
2513	51689
25139	28322
25142	50316
25151	5751
25154	17499
25157	19756
2516	14789
25160	4351
25169	32
25178	30
25181	22789
25184	22985
25187	1998
25190	354
25193	673
25202	5312
25205	43710
25208	7222
25211	815
2522	10781
25223	25451
25226	12674
25232	5450
25235	10783
25241	32505
25247	21536
2525	32
25256	8922
25262	11332
25274	4060
25277	9703
2528	22011
25280	45068
25283	17763
25289	17195
25295	1488
2531	6903
25310	2438
25316	2133
25319	12895
25328	110
25334	685
25337	440
2534	14569
25340	17825
25343	10635
25346	10458
25352	348
25358	33829
25364	62
25382	17145
25394	547
254	11343
2540	4756
25400	238
25403	11341
25415	40814
25421	8614
25424	251
25439	1356
25442	75
25445	4173
25448	1863
25451	11264
25457	24846
2546	3589
25460	44423
25463	47632
25478	5032
25481	18255
25487	18
25490	60
25496	4878
25499	10329
25508	47870
25511	6839
25514	27175
25520	1662
25523	2227
25532	10945
25535	51442
25538	4514
25544	10064
25547	5534
25550	12544
25553	844
25562	14034
25571	20454
25580	48
25589	3545
25592	14714
25601	2454
25604	1122
2561	18832
25613	1210
25616	7610
25619	50767
25628	260
25631	1941
2564	473
25643	4307
25646	13215
25649	13613
25655	12822
25661	23743
2567	16038
25670	9373
25673	23446
25676	400
25682	20952
25685	7789
25694	6778
257	38283
25700	19125
25703	25618
25706	33511
25712	9457
25715	733
25718	27522
25721	12745
2573	329
25742	13873
25757	4707
2576	6672
25769	790
25772	24395
25778	32207
25784	1215
2579	36503
25790	54048
25799	28604
25802	8921
25811	91
25817	1210
25838	13448
25841	18151
2585	8654
25850	7843
25853	34736
25856	14801
25862	8180
25865	24711
2588	2293
25886	745
2591	86268
2594	5435
2597	3922
26	61897
260	288
2600	26371
2603	15288
2612	1432
2615	27846
2618	55293
2621	30129
2624	33340
2627	17816
263	7237
2630	1170
2633	140
2636	17642
2639	3834
2642	9269
2651	18291
2654	4210
2657	32552
266	10727
2666	26735
2672	40688
2675	24804
2678	22331
2681	26
2684	33426
269	22968
2690	5879
2693	8978
2696	82
2708	44666
2711	274
2714	819
2720	32
2738	9157
2741	1064
2747	1524
275	3583
2750	2146
2762	52919
2765	7531
2768	15473
2771	3675
2774	11086
2777	26158
2780	3434
2783	41001
2786	413
2789	542
2792	30112
2795	6202
2798	19213
2801	253
2804	1605
2810	43853
2813	50566
2819	11574
2822	25967
2825	43
2828	149
2831	969
2837	198
284	12714
2843	459
2849	57
2852	17308
2855	10145
2861	1290
2867	933
287	61182
2870	2975
2873	479
2876	47746
2879	34495
2882	43209
2885	37084
2897	2565
29	9864
290	41494
2900	70
2903	16107
2909	179
2912	21369
2918	15394
2921	366
2924	152
2927	13549
293	33
2930	30394
2936	28476
2939	70500
2942	46533
2945	11916
2948	43658
2951	17460
2954	10907
2957	104
296	862
2960	5509
2963	28523
2966	444
2972	162
2978	242
2981	12540
2987	25236
299	136
2990	1997
2993	13550
2996	16009
2999	13909
3002	37
3005	13090
3008	13000
3011	1055
3017	20149
302	12119
3023	17413
3026	43486
3029	58127
3032	9812
3035	2135
3038	523
3041	105
3053	18799
3056	35456
3059	5121
3062	4504
3068	262
3071	27225
3074	4076
3077	23960
3083	16130
3086	69098
3092	1751
3095	29234
3098	47244
3101	424
3104	45063
3107	1559
3110	118
3113	47315
3116	46884
3119	15283
3122	13799
3125	107
3134	4830
3137	22
314	908
3143	647
3146	1133
3149	2315
3158	18707
3161	25093
3164	24
3167	35876
317	93
3170	2728
3176	32722
3182	5864
3191	19417
3194	11643
3197	498
32	2698
320	644
3203	17871
3206	612
3209	23956
3212	11330
3218	55
3221	40
3224	12780
323	33640
3230	11991
3233	11672
3236	7238
3239	271
3242	11784
3245	782
3248	13658
3251	25
3257	6991
326	34416
3260	21835
3263	1947
3269	355
3278	17103
3281	6768
3287	53376
3296	7247
3299	4068
3317	5087
332	422
3320	39729
3323	48826
3326	195
3329	41
3332	5345
3335	43823
3338	6143
3341	1946
3344	26400
3347	792
335	9083
3353	48586
3356	37492
3359	86033
3362	27115
3365	163
3368	33849
3371	4742
3377	143
338	34220
3380	1145
3383	290
3386	867
3389	62
3392	24411
3395	2409
3398	8017
3401	3757
3404	10437
3407	12461
341	573
3410	66841
3416	3081
3419	112
3422	444
3425	7031
3428	44974
3440	1278
3443	20287
3446	17447
3449	32399
3452	136
3455	730
3458	2287
3470	30541
3476	39237
3482	547
3485	26492
3488	55
3491	872
3494	5459
3497	20081
35	22915
3503	25190
3506	2759
3512	24857
3518	499
3521	20039
3527	344
353	10680
3530	3063
3536	81009
3539	11273
3545	8664
3548	17203
3557	1564
356	22201
3563	16551
3566	37380
3572	17917
3575	9551
3578	34837
3581	341
3584	5594
3587	90951
359	8370
3590	8556
3593	23716
3596	14694
3608	191
3614	49938
3617	6540
362	12460
3620	1964
3623	30216
3629	25686
3635	2470
3638	532
3647	1175
365	3583
3650	6740
3653	44650
3656	2311
3659	22478
3662	10636
3671	10271
3677	249
368	17481
3683	4333
3686	29309
3689	483
3692	1196
3695	4899
3698	28590
3701	20860
3704	11913
3707	37843
371	8139
3713	11039
3716	5401
3719	17926
3722	33
3725	714
3728	2143
3731	88646
3734	21913
3737	2716
374	16822
3740	22412
3743	1043
3746	52137
3749	46409
3752	184
377	33392
3779	241
3785	57821
3791	48646
3797	12892
38	30473
3800	85545
3809	10655
3812	24717
3818	26002
3821	55290
3824	12964
3827	84
383	501
3830	331
3833	33308
3836	3789
3848	1614
3851	8517
3854	42419
386	1112
3860	873
3863	22969
3869	2696
3875	3646
3878	23465
3881	38436
3884	7904
3890	4047
3902	5967
3905	18942
3911	12712
3914	10128
3917	18473
392	1851
3923	5735
3926	35114
3929	47909
3944	398
3947	38
395	12252
3953	24394
3956	13772
3959	9915
3971	10662
3974	15175
3977	32
398	23197
3980	57
3983	32059
3986	5139
3992	17412
3995	38114
4001	19848
4004	73374
4007	51089
4010	31855
4013	74
4016	121
4019	20086
4022	9351
4025	32263
4028	27747
4031	680
4034	18495
4037	16159
404	21223
4043	14402
4046	189
4052	33208
4055	20334
4058	75
4067	12074
407	16220
4076	13077
4079	36583
4082	97532
4085	21194
4091	444
4094	34730
4097	585
41	3318
410	3463
4100	1559
4103	12645
4106	3776
4115	26056
4121	35379
4127	47432
4130	32463
4133	10039
4145	28209
4148	2990
4151	16775
4154	53877
4157	1197
4160	84928
4166	4123
4169	30053
4172	26796
4175	1879
4178	15705
4181	26880
4184	33037
4187	116
419	30188
4193	5273
4199	2612
4208	3335
4211	82
4217	47267
422	166
4223	26251
4226	35322
4229	52330
4232	131
4235	10499
4238	13579
4241	13537
4244	8204
4247	24119
4253	7076
4256	1294
4262	31722
4268	11228
4271	81907
4277	9049
428	25678
4280	995
4292	36504
4295	9911
4298	1115
4301	23644
4307	9420
4310	81112
4313	551
4319	67305
4322	2907
4325	1768
4328	3586
4331	2881
4337	23979
434	7436
4340	3358
4343	2079
4346	15886
4349	4001
4352	17435
4355	16789
4358	195
437	988
4373	6762
4379	369
4382	284
4385	40916
4397	49547
44	13420
440	37738
4400	45046
4409	29683
4415	3551
4418	675
4421	3092
4427	9376
443	32566
4430	11556
4439	118
4442	14428
4445	95
4454	42766
4457	32192
446	24482
4460	59
4463	28872
4466	4448
4472	20690
4478	8802
4487	1439
449	31482
4490	2785
4493	212
4496	198
4499	17719
4508	1349
4511	8411
4514	3695
4517	9908
452	7185
4520	54332
4523	51
4526	24913
4532	68317
4535	21950
4538	16736
4541	3346
4547	2429
455	9084
4559	1659
4568	633
4571	31578
4574	51
4592	11904
4595	9171
4598	1514
4601	9864
461	53246
4610	24818
4616	10534
4619	21382
4625	62463
4628	1768
4634	16542
464	5442
4640	4736
4643	356
4649	33160
4655	74
4658	10660
4661	967
4664	67984
4667	275
4670	7138
4679	23080
4685	15695
4694	22978
4697	58571
47	24
470	33522
4700	221
4703	7396
4706	452
4709	2165
4712	39858
4718	9572
4721	3391
4724	691
4727	23981
4730	17171
4733	16983
4736	41674
4739	1718
4745	72538
4754	79677
4757	5567
4760	876
4766	222
4769	13198
4772	8731
4775	194
4778	4424
4787	56
479	54
4790	1161
4793	92
4796	9884
4805	700
4808	19587
4811	32
4814	53890
4817	21345
482	63318
4826	150
4829	60814
4838	15510
4841	9848
4844	41764
4847	17454
485	610
4856	4870
4859	23496
4862	29696
4865	91
4868	59822
4877	145447
488	129
4883	12811
4886	1756
4889	10029
4892	3271
4895	22275
4898	17
4904	19833
4907	81
491	12085
4919	3850
4922	3684
4928	14298
4931	33638
4934	87301
4937	4511
494	26944
4943	26020
4946	498
4952	8746
4955	2142
4958	10181
4961	28579
497	3924
4973	19892
4976	81
4979	6150
4982	3627
4988	4005
4994	15764
4997	1276
5	2238
50	212
500	19828
5000	18363
5003	356
5006	16887
5009	14823
5012	31278
5021	98433
5024	388
5027	35705
5033	16443
5039	9532
5042	131
5048	1901
5054	25593
5057	11336
506	15169
5060	111
5063	197
5069	34098
5075	4440
5078	8843
5081	6572
5084	88
509	21740
5090	114
5093	33692
5096	1246
5102	62550
5105	7310
5108	26302
5111	13423
5117	87
512	42814
5120	6441
5129	23485
5132	40094
5141	20108
5144	434
515	14543
5150	24238
5153	745
5156	332
5159	264
5162	42
5174	29267
518	56
5183	3480
5186	7728
5189	18595
5192	1454
5198	2047
5204	4191
5207	42552
521	13805
5219	12159
5222	295
5225	10402
5231	8397
5234	1506
5237	10974
524	1334
5243	121
5246	25601
5252	96
5255	90
5264	42613
5267	83753
527	38593
5270	14152
5273	17279
5279	2203
5285	9866
5288	1437
5291	21657
5294	3752
5297	1911
53	20527
5300	203
5303	28404
5312	49832
5315	15666
5318	1173
5321	6113
5324	45375
5327	9503
533	24836
5333	1556
5336	20942
5339	1986
5342	102
5348	1832
5351	9282
5354	20294
5357	56560
536	42546
5363	21451
5366	30943
5372	13064
5384	16006
539	30726
5390	23979
5393	8699
5402	14758
5405	80
5408	32796
5411	1044
5414	49785
542	12338
5426	48588
5429	1545
5432	15538
5438	2238
5441	51372
5444	16260
5447	69721
545	940
5450	12976
5453	3433
5456	15053
5459	15521
5465	141
5468	22539
5471	21050
5474	6807
5480	930
5486	29531
5495	4424
5498	23488
5501	25508
5504	2634
551	77589
5510	1346
5513	16662
5519	34
5522	23967
5525	6471
5528	4028
5531	21728
554	8152
5540	6544
5543	2723
5546	994
5552	348
5555	27059
5558	20352
557	185
5573	11799
5576	64
5579	365
5582	11494
5585	12199
5588	35746
5591	6996
5594	294
56	5279
5603	49972
5609	8837
5612	3302
5615	11313
5624	55057
563	5286
5630	17283
5633	841
5636	1638
5639	4043
5642	45
5645	22496
5648	61753
5651	13333
5654	34216
5657	21305
5660	26707
5666	23865
5672	12188
5675	906
5684	28838
569	32305
5690	120
5693	478
5699	34
5705	72
5708	22
5711	1465
5714	26025
5717	12686
572	53
5720	8746
5726	15914
5729	3416
5732	5477
5735	6921
5738	11854
5741	89
5747	8904
575	31041
5750	4446
5753	16035
5756	45121
5759	7486
5765	671
5771	315
5774	3543
5777	8308
578	50
5780	7535
5783	26452
5786	41800
5789	10135
5792	1171
5795	28
5798	3182
5801	1542
5804	313
5807	41
581	6785
5810	77
5813	15985
5816	35201
5819	23070
5822	83484
5834	16071
584	8712
5846	22213
5852	4628
5855	1123
5858	14130
5861	93559
5867	31469
587	16736
5870	6776
5873	21398
5876	13756
5879	6869
5882	65489
5888	8204
5894	19
5897	44
59	28192
5900	9106
5906	1891
5909	10464
5912	33
5915	86255
5918	83960
5921	9897
5924	1313
5927	6002
593	10552
5930	61134
5933	4781
5936	8966
5942	4485
5954	19750
5957	8809
5960	8021
5963	35067
5969	16296
5975	21305
5978	432
5981	19256
5984	6882
5987	15868
5990	437
5993	10134
5996	6572
5999	33054
6002	36168
6005	10193
6008	6590
6011	15502
6014	33524
602	531
6029	149
6032	5493
6035	2383
6041	13146
6044	27
605	558
6050	11447
6053	47003
6062	53
6065	3420
6071	26239
608	30371
6083	1124
6086	334
6089	15754
6092	2045
6101	3603
6107	2356
611	70558
6113	7040
6116	994
6119	3610
6122	231
6125	937
6131	2843
6134	313
6137	29122
614	14184
6143	2693
6152	81954
6155	6575
6158	9350
6161	38674
6167	18752
617	46423
6170	15951
6173	665
6182	9452
6185	32750
6188	1934
6191	8764
6194	243
62	4705
620	66
6200	57089
6203	9087
6206	36150
6209	43476
6212	25526
6218	38341
6224	7469
6227	27449
623	68120
6230	32
6233	46170
6236	749
6239	11759
6242	10346
6245	2454
6251	2174
6254	9450
6257	3748
626	150
6260	9264
6266	1356
6269	1192
6272	14304
6275	7873
6278	24181
6281	13290
6284	84
6287	9232
629	21028
6293	18563
6299	1306
6302	18402
6308	22124
6311	48132
6314	2840
632	18066
6323	10296
6329	69437
6332	1061
6338	3201
6344	60535
6347	1566
635	4176
6350	509
6353	11849
6356	381
6359	3829
6362	3963
6365	36223
6371	31809
6374	17033
6377	374
6380	34722
6383	27668
6389	5623
6392	38044
6395	26627
6401	5808
6404	4393
6407	28
641	12934
6410	20393
6413	5808
6416	47420
6419	76193
6422	2142
6425	3818
6428	50918
6431	5951
6437	970
6443	586
6446	23714
6461	355
6464	10352
6467	40693
647	29641
6470	2590
6473	35196
6476	9329
6482	8119
6485	55095
6488	2036
6494	44083
6497	4318
65	10089
650	5614
6515	39208
6518	20937
6521	608
6524	1932
6527	65975
6530	15152
6533	54
6539	17241
6545	2862
6548	86
6551	26187
6554	13296
6560	1292
6566	942
6569	1725
6572	3311
6575	14096
6578	20009
6584	1028
659	17890
6590	19873
6593	6126
6596	46334
6599	38346
6602	2524
6605	7088
6611	11579
6614	11330
6617	23883
662	11389
6620	3337
6623	404
6626	11360
6629	18541
6635	3100
6638	30413
6641	252
6644	620
6647	33219
6650	4760
6653	18312
6656	25163
6659	11058
6662	32634
6665	22973
6674	26144
6677	6483
668	3422
6680	278
6686	135
6689	40887
6692	58624
6695	819
6701	42769
6704	108
6707	10190
671	31
6710	16413
6713	73738
6719	22876
6722	1051
6725	85
6728	4445
6731	231
6734	60152
6737	632
6740	35452
6743	13755
6746	29961
6749	19349
6752	226
6755	37891
6758	806
6761	1401
6764	18050
6767	214
6770	10308
6773	18647
6776	11256
6782	444
6785	25591
6791	1237
6794	13190
6797	8504
68	32928
680	14115
6800	58458
6803	1557
6806	9844
6809	28
6812	31468
6815	280
6818	4749
6821	4538
6824	52
6827	5292
683	53455
6830	1857
6848	393
6851	18050
6854	1725
686	661
6863	58
6866	10905
6872	14466
6875	584
6881	47977
689	20822
6890	1359
6893	30981
6896	19334
6899	241
6902	740
6908	15054
6911	18093
6917	34729
6920	21867
6923	96994
6926	11537
6938	1563
695	27349
6950	9297
6953	6665
6959	257
6968	3484
6971	2830
6974	9691
6977	617
6980	276
6983	694
6989	25321
7001	1392
7007	1100
701	30958
7013	37842
7016	61744
7019	456
7022	21946
7025	16971
7028	1259
7031	29667
7034	1689
7037	4073
704	4747
7046	35620
7052	3456
7055	2644
7061	994
7064	120
7070	12765
7073	900
7076	1185
7079	54223
7082	51147
7085	65
7088	1166
7094	20861
7097	56452
710	77
7100	13807
7103	7215
7109	13736
7115	4406
7118	38460
7121	6571
7127	25467
713	32358
7133	44
7136	15508
7139	13577
7142	29941
7148	21639
7151	42953
7154	2326
7157	14635
716	226
7160	29555
7163	27
7166	9404
7169	14830
7172	4498
7175	31639
7181	18980
7187	285
719	12626
7190	226
7193	1040
7205	27241
7208	33369
7211	3751
7214	722
7217	25
722	405
7220	6349
7223	16580
7226	3113
7232	1263
7235	4188
7241	13282
7244	628
7247	67
725	11778
7259	26
7265	170
7268	383
7277	1591
728	30703
7283	11825
7289	136
7298	36394
7301	112
7307	19133
7310	13519
7313	39322
7316	22719
7319	31189
7322	32824
7325	4696
7328	527
7331	11463
734	4099
7340	17159
7343	5127
7346	219
7349	794
7352	20432
7355	29988
7358	66999
7361	87826
7364	929
7367	21755
737	15009
7370	27453
7373	52234
7376	4223
7379	3313
7382	31440
7385	23269
7388	62662
7394	787
7397	4046
74	12750
740	99
7400	3100
7403	2322
7406	13369
7409	340
7427	15372
743	73003
7433	12895
7448	94
7451	3296
7454	16563
7457	52267
746	24675
7466	24413
7469	1629
7472	21839
7475	19754
7478	2737
7481	12799
7484	13505
7487	6404
749	514
7496	408
7499	3552
7502	24
7505	15937
7508	21817
7514	235
7517	1833
752	709
7520	18304
7526	892
7529	73
7532	11880
7538	3118
7544	42836
755	596
7550	126
7553	2279
7559	137
7565	46604
7568	120
7571	11704
7574	5083
7577	10892
7580	18557
7586	383
7589	17569
7592	41443
7595	123
7604	34588
7607	16665
7610	259
7613	77799
7619	11306
7625	1184
7634	35103
7637	42
764	25787
7643	315
7646	409
7649	25945
7652	20809
7655	481
7661	44227
7664	849
7667	35050
767	72202
7670	3968
7673	25393
7676	26053
7679	22372
7685	3757
7688	903
7691	1274
7694	2757
7697	5445
77	23565
7700	280
7703	12299
7706	4716
7709	18181
7715	30557
7718	10975
7724	15761
7727	6185
773	34585
7730	12224
7733	135
7736	578
7745	13035
7748	8699
7751	93112
7754	792
776	40
7760	8377
7763	7092
7769	10869
7772	6169
7778	67233
7781	3899
7784	211
779	50
7790	32716
7796	12353
7799	31624
7811	48851
7814	575
7817	6183
782	7068
7820	8322
7823	5209
7826	14993
7829	10086
7832	1748
7838	8731
7847	2368
785	41849
7850	13146
7856	23083
7859	30607
7865	28856
7868	11556
7874	49017
7877	39348
788	50554
7880	69407
7883	6758
7886	105
7892	1775
7898	37266
7901	438
7904	10516
7907	3510
791	3362
7913	43294
7916	95
7922	12779
7925	53460
7928	161
7934	12681
7937	355
794	71
7940	7981
7943	27598
7946	33009
7949	39431
7955	27200
7958	27788
7961	915
7964	946
7967	38511
7973	16019
7976	15190
7991	7403
7997	53
80	31701
8000	22284
8003	35100
8006	19501
8015	13572
8018	35952
8021	18654
8024	17931
8027	44455
803	105
8030	27990
8033	541
8045	2851
8048	45002
8054	57501
8057	46621
806	9753
8063	43004
8069	16867
8072	5777
8075	21506
8078	966
8081	20932
8084	31604
8087	2639
809	3579
8096	377
8105	161
8111	415
8114	11129
812	4556
8123	9426
8126	7463
8129	8187
8138	41701
8141	9497
8144	14923
815	492
8150	52649
8156	5865
8159	350
8162	18967
8171	36920
8174	283
8183	3975
8186	2920
8192	188
8198	469
8201	2101
8204	4290
8207	560
8213	108
8222	32018
8234	3033
824	47741
8243	78
8246	517
8249	19827
8252	34649
8255	26096
8258	6495
8264	1460
8267	1158
827	3923
8273	3970
8276	2427
8282	39
8285	51562
8291	880
8294	17867
8297	164
83	18374
8303	263
8306	113
8309	13869
8312	72
8315	2299
8318	188
8321	610
8324	24705
8327	7233
8330	21613
8333	186
8336	47456
8342	2688
8345	18196
8351	316
8354	11
8357	11165
836	35
8366	11100
8369	5440
8375	6039
8384	13206
8387	31907
839	137
8390	20375
8393	4895
8396	8867
8399	28407
8402	3539
8405	52
8408	35468
8411	3463
8414	2001
8417	1299
842	27224
8420	324
8426	4691
8432	48
8435	52590
8444	23127
8447	469
845	16260
8450	2571
8453	5948
8456	9192
8462	109
8465	648
8474	10203
8477	12892
848	27972
8480	54596
8483	36144
8489	15579
8492	51451
8498	6289
8501	47683
8504	59373
8507	78358
851	2879
8513	42325
8516	617
8519	7396
8522	303
8525	26816
8528	1569
8531	47032
8534	53331
8537	43274
854	4130
8540	4546
8546	27233
8549	7788
8552	916
8555	381
8561	23188
8567	1223
8570	27836
8573	1438
8579	24701
8582	24
8585	3765
8591	78
8594	6030
8597	18625
8600	402
8603	489
8606	6610
8609	15161
8612	18424
8627	1074
8630	16147
8636	1076
8642	17438
8645	26124
8648	190
8651	247
8654	83
866	6365
8660	12723
8663	28097
8669	12996
8672	1773
8675	292
8678	60097
8681	16091
8684	1965
869	2043
8693	28665
8696	705
8699	13307
8702	58811
8705	14441
8711	468
8714	63437
8720	315
8729	69506
8732	888
8735	14345
8738	416
8741	44752
8744	6414
8747	882
875	18076
8750	102
8759	5238
8768	386
8771	18773
8777	1127
8780	9098
8795	77
8801	10959
8804	72
881	11789
8810	221
8813	10742
8816	95
8819	4297
8822	41422
8831	17389
8834	27431
8840	66
8843	9474
8846	289
8849	920
8852	20182
8855	29944
8858	15984
8861	6620
8864	5124
8867	128
887	12838
8870	14856
8873	13374
8879	476
8882	10495
8885	42013
8891	19646
8897	284
8900	7151
8906	286
8909	361
8912	745
8918	6978
8921	7690
8924	23679
8927	34863
8933	29411
8942	1199
8945	10798
8951	4025
8954	107
896	12361
8960	1340
8966	10817
8969	6592
8972	22844
8975	24386
8978	680
8981	1793
8984	725
899	141
8990	3803
8993	11513
8996	6600
8999	45035
9002	32485
9005	40
9008	12409
9014	158
9017	18877
902	41116
9020	56699
9023	83425
9026	1963
9029	9784
9032	61102
9035	34307
9038	27827
9041	2330
905	32029
9050	16314
9056	6572
9068	22832
9071	24512
9074	381
9077	67365
9080	9886
9083	45
9086	29527
9089	11466
9092	11043
9098	37584
911	186
9113	5509
9119	8679
9122	126
9128	90
9131	138
9137	14663
914	4410
9140	10425
9143	8929
9146	456
9152	56
9155	565
917	1223
9170	30446
9173	10314
9179	6546
9182	8790
9185	40187
9188	127
9194	768
9197	12155
92	763
920	138
9206	4800
9209	866
9212	2989
9215	14905
9221	25386
9227	251
923	844
9236	25971
9248	6178
9251	16135
9257	1100
9263	4406
9272	93
9275	14019
9281	29450
929	2413
9290	914
9293	21618
9302	3423
9308	2188
9311	6194
9317	65317
932	110
9320	5834
9326	3513
9329	3208
9332	22355
9335	556
9338	51247
9341	228
9353	23239
9356	5542
9362	5813
9368	15275
9371	20415
9374	24604
9377	8750
9383	29
9386	964
9389	142
9392	12053
9395	1504
9398	10759
9401	1843
9404	2542
9407	56173
941	13976
9410	723
9413	15239
9416	5654
9419	26236
9422	15205
9431	27360
9434	5966
9437	22895
9440	20866
9443	84
9449	43891
9452	665
9455	32166
9458	805
9461	370
9464	8178
9467	29198
947	582
9470	27624
9473	476
9476	6507
9479	5073
9482	2836
9488	25430
9497	23526
950	22309
9500	16040
9503	15267
9506	8271
9509	41906
9515	141
9524	406
953	51
9530	37561
9539	44988
9545	2107
9548	22558
9551	29141
9554	111
956	8544
9560	6334
9569	25
9572	2835
9575	8929
9581	14225
9584	1096
959	771
9590	23364
9593	19959
9602	33821
962	19984
9620	67906
9623	7011
9626	290
9629	52
9632	4831
9635	9566
9638	11595
9641	36881
9644	8443
9647	35982
965	8742
9650	5437
9656	4485
9659	1216
9662	77827
9668	30915
9671	15220
9674	13630
9677	733
968	28394
9680	30553
9686	42036
9689	8220
9692	16527
9695	10664
9701	102
971	29752
9716	7444
9728	10972
9734	206
9737	1637
974	20844
9740	9219
9743	6697
9749	18725
9752	19974
9761	12616
9764	4705
9767	4382
9770	117
9776	448
9779	60
9782	1007
9785	99
9797	708
980	48236
9800	11583
9803	1410
9812	10338
9818	20796
9821	20548
9824	18587
9827	41420
9830	8128
9833	19378
9836	29146
9842	64
9845	5298
9851	3400
9854	74457
9857	13324
986	867
9860	27120
9863	17410
9872	19032
9875	30062
9878	41
9881	28487
9884	48660
9887	285
989	93788
9890	76
9893	50
9896	25610
9899	24322
9902	15299
9911	23075
9914	31174
992	542
9920	189
9923	8202
9926	2581
9935	3102
9938	11374
9941	17420
9944	5049
9947	21836
995	24224
9950	16103
9953	132
9956	524
9959	501
9962	2643
9965	547
9974	17239
9977	66
998	19378
9980	28662
9983	57611
9986	6830
9989	1644
9995	64
9998	27772
